distance,hour,fare
0.0,21,5.0845194
0.01,21,5.084585
0.02,21,5.08465
0.03,21,5.084717
0.04,21,5.084782
0.05,21,5.0848475
0.06,21,5.084913
0.07,21,5.084978
0.08,21,5.0850444
0.09,21,5.085109
0.1,21,5.0851746
0.11,21,5.08524
0.12,21,5.0849614
0.13,21,5.0844555
0.14,21,5.08395
0.15,21,5.0834436
0.16,21,5.0829377
0.17,21,5.082432
0.18,21,5.0819254
0.19,21,5.081419
0.2,21,5.0809135
0.21,21,5.0804076
0.22,21,5.0799017
0.23,21,5.0793953
0.24,21,5.07889
0.25,21,5.0783834
0.26,21,5.077877
0.27,21,5.0773716
0.28,21,5.076866
0.29,21,5.0763593
0.3,21,5.0758533
0.31,21,5.0753474
0.32,21,5.0748415
0.33,21,5.0743356
0.34,21,5.0733275
0.35,21,5.072251
0.36,21,5.0726843
0.37,21,5.073962
0.38,21,5.07524
0.39,21,5.076517
0.4,21,5.077794
0.41,21,5.079071
0.42,21,5.080349
0.43,21,5.081626
0.44,21,5.082904
0.45,21,5.0841813
0.46,21,5.0854588
0.47,21,5.0867357
0.48,21,5.0880127
0.49,21,5.0892906
0.5,21,5.0905685
0.51,21,5.091846
0.52,21,5.0931234
0.53,21,5.0944004
0.54,21,5.095678
0.55,21,5.096956
0.56,21,5.0982323
0.57,21,5.09951
0.58,21,5.1007876
0.59,21,5.102064
0.6,21,5.107136
0.61,21,5.112788
0.62,21,5.1184406
0.63,21,5.1240935
0.64,21,5.1297455
0.65,21,5.135398
0.66,21,5.1410513
0.67,21,5.149073
0.68,21,5.157237
0.69,21,5.165401
0.7,21,5.173564
0.71,21,5.1817274
0.72,21,5.189892
0.73,21,5.1980543
0.74,21,5.207198
0.75,21,5.216854
0.76,21,5.226509
0.77,21,5.2361646
0.78,21,5.24582
0.79,21,5.255475
0.8,21,5.265132
0.81,21,5.274786
0.82,21,5.284442
0.83,21,5.294098
0.84,21,5.303753
0.85,21,5.313408
0.86,21,5.3230634
0.87,21,5.332719
0.88,21,5.3423743
0.89,21,5.352389
0.9,21,5.369544
0.91,21,5.3874607
0.92,21,5.4053783
0.93,21,5.4232945
0.94,21,5.4412107
0.95,21,5.459128
0.96,21,5.4770446
0.97,21,5.4949617
0.98,21,5.5128784
0.99,21,5.530795
1.0,21,5.548712
1.01,21,5.5666285
1.02,21,5.584546
1.03,21,5.6025743
1.04,21,5.624839
1.05,21,5.650811
1.06,21,5.6767817
1.07,21,5.702753
1.08,21,5.7287245
1.09,21,5.754695
1.1,21,5.7806673
1.11,21,5.8066387
1.12,21,5.8326097
1.13,21,5.858582
1.14,21,5.8844776
1.15,21,5.9100685
1.16,21,5.935658
1.17,21,5.961248
1.18,21,5.986838
1.19,21,6.012428
1.2,21,6.0380187
1.21,21,6.0636077
1.22,21,6.0891976
1.23,21,6.114788
1.24,21,6.140379
1.25,21,6.1659675
1.26,21,6.191558
1.27,21,6.217149
1.28,21,6.2427382
1.29,21,6.2683287
1.3,21,6.2939186
1.31,21,6.3195086
1.32,21,6.3450985
1.33,21,6.3706875
1.34,21,6.396279
1.35,21,6.4218674
1.36,21,6.4466968
1.37,21,6.47143
1.38,21,6.4961643
1.39,21,6.5208955
1.4,21,6.5456285
1.41,21,6.570343
1.42,21,6.594024
1.43,21,6.617705
1.44,21,6.641385
1.45,21,6.665065
1.46,21,6.6887455
1.47,21,6.712425
1.48,21,6.736107
1.49,21,6.759788
1.5,21,6.7834682
1.51,21,6.807149
1.52,21,6.8308287
1.53,21,6.8545094
1.54,21,6.87819
1.55,21,6.90187
1.56,21,6.9255514
1.57,21,6.949231
1.58,21,6.972913
1.59,21,6.996593
1.6,21,7.020273
1.61,21,7.0439534
1.62,21,7.0676336
1.63,21,7.091314
1.64,21,7.114994
1.65,21,7.1386747
1.66,21,7.1623545
1.67,21,7.186036
1.68,21,7.209717
1.69,21,7.2333984
1.7,21,7.257077
1.71,21,7.2807593
1.72,21,7.304439
1.73,21,7.3281198
1.74,21,7.3517995
1.75,21,7.37548
1.76,21,7.3991613
1.77,21,7.422841
1.78,21,7.4465227
1.79,21,7.4702034
1.8,21,7.493882
1.81,21,7.517562
1.82,21,7.5412445
1.83,21,7.564926
1.84,21,7.5886054
1.85,21,7.6122327
1.86,21,7.6357975
1.87,21,7.6593623
1.88,21,7.6808434
1.89,21,7.701968
1.9,21,7.723094
1.91,21,7.744218
1.92,21,7.7653437
1.93,21,7.7864695
1.94,21,7.807594
1.95,21,7.828718
1.96,21,7.849844
1.97,21,7.870969
1.98,21,7.8920937
1.99,21,7.9132195
2.0,21,7.9343433
2.01,21,7.955469
2.02,21,7.976593
2.03,21,7.9977193
2.04,21,8.018843
2.05,21,8.0399685
2.06,21,8.061095
2.07,21,8.082219
2.08,21,8.103344
2.09,21,8.12447
2.1,21,8.145594
2.11,21,8.1667185
2.12,21,8.187845
2.13,21,8.208969
2.14,21,8.230094
2.15,21,8.251221
2.16,21,8.272346
2.17,21,8.293469
2.18,21,8.314595
2.19,21,8.335719
2.2,21,8.356843
2.21,21,8.377972
2.22,21,8.399095
2.23,21,8.420218
2.24,21,8.441344
2.25,21,8.46247
2.26,21,8.483595
2.27,21,8.504719
2.28,21,8.525846
2.29,21,8.546969
2.3,21,8.568094
2.31,21,8.58922
2.32,21,8.610343
2.33,21,8.631469
2.34,21,8.6525955
2.35,21,8.67372
2.36,21,8.694843
2.37,21,8.715969
2.38,21,8.737095
2.39,21,8.75822
2.4,21,8.7793455
2.41,21,8.80047
2.42,21,8.821594
2.43,21,8.84272
2.44,21,8.863845
2.45,21,8.88497
2.46,21,8.906095
2.47,21,8.927219
2.48,21,8.946838
2.49,21,8.965826
2.5,21,8.984813
2.51,21,9.003802
2.52,21,9.02279
2.53,21,9.041776
2.54,21,9.060763
2.55,21,9.079753
2.56,21,9.09874
2.57,21,9.117727
2.58,21,9.1368685
2.59,21,9.156366
2.6,21,9.175868
2.61,21,9.195368
2.62,21,9.214866
2.63,21,9.234366
2.64,21,9.253865
2.65,21,9.273364
2.66,21,9.292865
2.67,21,9.312365
2.68,21,9.331864
2.69,21,9.351363
2.7,21,9.370863
2.71,21,9.390363
2.72,21,9.409862
2.73,21,9.42936
2.74,21,9.44886
2.75,21,9.468361
2.76,21,9.487859
2.77,21,9.507304
2.78,21,9.526501
2.79,21,9.545697
2.8,21,9.564894
2.81,21,9.584091
2.82,21,9.603288
2.83,21,9.622484
2.84,21,9.64168
2.85,21,9.660878
2.86,21,9.680076
2.87,21,9.699271
2.88,21,9.718469
2.89,21,9.737666
2.9,21,9.756861
2.91,21,9.776059
2.92,21,9.795257
2.93,21,9.814454
2.94,21,9.83365
2.95,21,9.852847
2.96,21,9.872045
2.97,21,9.89124
2.98,21,9.910438
2.99,21,9.929633
3.0,21,9.948831
3.01,21,9.968029
3.02,21,9.987226
3.03,21,10.006421
3.04,21,10.025619
3.05,21,10.044814
3.06,21,10.064012
3.07,21,10.083208
3.08,21,10.102404
3.09,21,10.121603
3.1,21,10.1407995
3.11,21,10.159995
3.12,21,10.179192
3.13,21,10.198388
3.14,21,10.217587
3.15,21,10.236783
3.16,21,10.25598
3.17,21,10.275176
3.18,21,10.294375
3.19,21,10.313571
3.2,21,10.3327675
3.21,21,10.351964
3.22,21,10.371161
3.23,21,10.390912
3.24,21,10.410962
3.25,21,10.431012
3.26,21,10.451062
3.27,21,10.47111
3.28,21,10.491162
3.29,21,10.511211
3.3,21,10.5312605
3.31,21,10.551311
3.32,21,10.571362
3.33,21,10.591411
3.34,21,10.61146
3.35,21,10.631511
3.36,21,10.65156
3.37,21,10.67161
3.38,21,10.691661
3.39,21,10.711709
3.4,21,10.73176
3.41,21,10.751809
3.42,21,10.771859
3.43,21,10.791908
3.44,21,10.811959
3.45,21,10.832009
3.46,21,10.852057
3.47,21,10.872109
3.48,21,10.8921585
3.49,21,10.912208
3.5,21,10.932258
3.51,21,10.952308
3.52,21,10.972356
3.53,21,10.992408
3.54,21,11.012457
3.55,21,11.032506
3.56,21,11.052558
3.57,21,11.072606
3.58,21,11.092658
3.59,21,11.112705
3.6,21,11.132756
3.61,21,11.152806
3.62,21,11.172856
3.63,21,11.192913
3.64,21,11.213133
3.65,21,11.233354
3.66,21,11.253574
3.67,21,11.273794
3.68,21,11.294016
3.69,21,11.314236
3.7,21,11.334456
3.71,21,11.354676
3.72,21,11.374898
3.73,21,11.395119
3.74,21,11.41534
3.75,21,11.435559
3.76,21,11.455781
3.77,21,11.476001
3.78,21,11.496222
3.79,21,11.516443
3.8,21,11.536662
3.81,21,11.556886
3.82,21,11.577104
3.83,21,11.597325
3.84,21,11.617546
3.85,21,11.637766
3.86,21,11.657989
3.87,21,11.678207
3.88,21,11.698429
3.89,21,11.718648
3.9,21,11.738872
3.91,21,11.759091
3.92,21,11.779312
3.93,21,11.799532
3.94,21,11.819753
3.95,21,11.8399725
3.96,21,11.860194
3.97,21,11.880414
3.98,21,11.900636
3.99,21,11.920856
4.0,21,11.941077
4.01,21,11.961298
4.02,21,11.981518
4.03,21,12.001739
4.04,21,12.021959
4.05,21,12.042182
4.06,21,12.062401
4.07,21,12.082621
4.08,21,12.102841
4.09,21,12.123063
4.1,21,12.143284
4.11,21,12.163503
4.12,21,12.183725
4.13,21,12.203946
4.14,21,12.224166
4.15,21,12.244387
4.16,21,12.264607
4.17,21,12.284829
4.18,21,12.305049
4.19,21,12.32527
4.2,21,12.3454895
4.21,21,12.36571
4.22,21,12.38593
4.23,21,12.406154
4.24,21,12.4263735
4.25,21,12.446595
4.26,21,12.466814
4.27,21,12.487034
4.28,21,12.5072565
4.29,21,12.527476
4.3,21,12.547698
4.31,21,12.567919
4.32,21,12.587697
4.33,21,12.606611
4.34,21,12.625525
4.35,21,12.64444
4.36,21,12.663353
4.37,21,12.682268
4.38,21,12.701183
4.39,21,12.720095
4.4,21,12.73742
4.41,21,12.753671
4.42,21,12.769919
4.43,21,12.78617
4.44,21,12.802419
4.45,21,12.818669
4.46,21,12.834918
4.47,21,12.851169
4.48,21,12.867415
4.49,21,12.883666
4.5,21,12.899919
4.51,21,12.916167
4.52,21,12.932416
4.53,21,12.948665
4.54,21,12.964915
4.55,21,12.981164
4.56,21,12.997413
4.57,21,13.013663
4.58,21,13.029916
4.59,21,13.0461645
4.6,21,13.062411
4.61,21,13.078663
4.62,21,13.094911
4.63,21,13.111161
4.64,21,13.12741
4.65,21,13.143659
4.66,21,13.159911
4.67,21,13.176159
4.68,21,13.192409
4.69,21,13.208658
4.7,21,13.224908
4.71,21,13.241157
4.72,21,13.257406
4.73,21,13.273656
4.74,21,13.289906
4.75,21,13.306154
4.76,21,13.322407
4.77,21,13.3386545
4.78,21,13.354902
4.79,21,13.371154
4.8,21,13.387403
4.81,21,13.403652
4.82,21,13.419902
4.83,21,13.436152
4.84,21,13.452401
4.85,21,13.468649
4.86,21,13.4849
4.87,21,13.5046425
4.88,21,13.52469
4.89,21,13.544738
4.9,21,13.564788
4.91,21,13.584832
4.92,21,13.604884
4.93,21,13.624929
4.94,21,13.64498
4.95,21,13.665027
4.96,21,13.685076
4.97,21,13.705122
4.98,21,13.72517
4.99,21,13.745217
5.0,21,13.765267
5.01,21,13.7853155
5.02,21,13.80536
5.03,21,13.825412
5.04,21,13.845457
5.05,21,13.865507
5.06,21,13.885553
5.07,21,13.905602
5.08,21,13.925651
5.09,21,13.9457
5.1,21,13.965747
5.11,21,13.985793
5.12,21,14.005842
5.13,21,14.025889
5.14,21,14.045938
5.15,21,14.065988
5.16,21,14.086035
5.17,21,14.106084
5.18,21,14.126128
5.19,21,14.146179
5.2,21,14.166225
5.21,21,14.186274
5.22,21,14.206321
5.23,21,14.226371
5.24,21,14.246421
5.25,21,14.266467
5.26,21,14.286513
5.27,21,14.306563
5.28,21,14.3266115
5.29,21,14.34666
5.3,21,14.366708
5.31,21,14.386754
5.32,21,14.406803
5.33,21,14.426851
5.34,21,14.4468975
5.35,21,14.46693
5.36,21,14.486424
5.37,21,14.509036
5.38,21,14.533071
5.39,21,14.557106
5.4,21,14.5811405
5.41,21,14.605174
5.42,21,14.629207
5.43,21,14.653243
5.44,21,14.677278
5.45,21,14.701312
5.46,21,14.725345
5.47,21,14.749379
5.48,21,14.773416
5.49,21,14.79745
5.5,21,14.821483
5.51,21,14.845515
5.52,21,14.869549
5.53,21,14.893588
5.54,21,14.917619
5.55,21,14.941652
5.56,21,14.965688
5.57,21,14.989724
5.58,21,15.013755
5.59,21,15.037789
5.6,21,15.061826
5.61,21,15.08586
5.62,21,15.109894
5.63,21,15.133927
5.64,21,15.157962
5.65,21,15.181996
5.66,21,15.206029
5.67,21,15.230065
5.68,21,15.254098
5.69,21,15.278131
5.7,21,15.302169
5.71,21,15.326201
5.72,21,15.350236
5.73,21,15.37427
5.74,21,15.398306
5.75,21,15.4223385
5.76,21,15.446372
5.77,21,15.4704075
5.78,21,15.494441
5.79,21,15.5184765
5.8,21,15.54251
5.81,21,15.566545
5.82,21,15.590579
5.83,21,15.614613
5.84,21,15.638646
5.85,21,15.662683
5.86,21,15.686715
5.87,21,15.71075
5.88,21,15.734786
5.89,21,15.758817
5.9,21,15.782853
5.91,21,15.806888
5.92,21,15.830924
5.93,21,15.854953
5.94,21,15.878991
5.95,21,15.9030285
5.96,21,15.927072
5.97,21,15.951114
5.98,21,15.975158
5.99,21,15.999202
6.0,21,16.023245
6.01,21,16.047289
6.02,21,16.071331
6.03,21,16.095375
6.04,21,16.119417
6.05,21,16.14337
6.06,21,16.166866
6.07,21,16.190365
6.08,21,16.213865
6.09,21,16.237362
6.1,21,16.26086
6.11,21,16.284357
6.12,21,16.307856
6.13,21,16.331354
6.14,21,16.35485
6.15,21,16.37835
6.16,21,16.401848
6.17,21,16.425344
6.18,21,16.448843
6.19,21,16.47234
6.2,21,16.495836
6.21,21,16.519337
6.22,21,16.542835
6.23,21,16.566334
6.24,21,16.589832
6.25,21,16.61333
6.26,21,16.63683
6.27,21,16.660326
6.28,21,16.683825
6.29,21,16.707321
6.3,21,16.73082
6.31,21,16.754318
6.32,21,16.777813
6.33,21,16.801311
6.34,21,16.82481
6.35,21,16.848309
6.36,21,16.871809
6.37,21,16.895306
6.38,21,16.918802
6.39,21,16.942276
6.4,21,16.96556
6.41,21,16.988838
6.42,21,17.012123
6.43,21,17.035404
6.44,21,17.058687
6.45,21,17.081966
6.46,21,17.105251
6.47,21,17.128532
6.48,21,17.151812
6.49,21,17.175097
6.5,21,17.198378
6.51,21,17.22166
6.52,21,17.244946
6.53,21,17.268225
6.54,21,17.291508
6.55,21,17.314789
6.56,21,17.338072
6.57,21,17.361355
6.58,21,17.384636
6.59,21,17.407917
6.6,21,17.431202
6.61,21,17.454481
6.62,21,17.47776
6.63,21,17.501045
6.64,21,17.524326
6.65,21,17.547611
6.66,21,17.570892
6.67,21,17.594173
6.68,21,17.617456
6.69,21,17.64074
6.7,21,17.66402
6.71,21,17.687302
6.72,21,17.710583
6.73,21,17.733866
6.74,21,17.757149
6.75,21,17.78043
6.76,21,17.803713
6.77,21,17.826994
6.78,21,17.850275
6.79,21,17.87356
6.8,21,17.896841
6.81,21,17.920128
6.82,21,17.943403
6.83,21,17.966686
6.84,21,17.989971
6.85,21,18.013252
6.86,21,18.036537
6.87,21,18.059814
6.88,21,18.0831
6.89,21,18.10638
6.9,21,18.129662
6.91,21,18.152945
6.92,21,18.176228
6.93,21,18.199509
6.94,21,18.22279
6.95,21,18.246075
6.96,21,18.269356
6.97,21,18.292635
6.98,21,18.315918
6.99,21,18.3392
7.0,21,18.362484
7.01,21,18.385765
7.02,21,18.409048
7.03,21,18.432331
7.04,21,18.455612
7.05,21,18.478895
7.06,21,18.502178
7.07,21,18.52546
7.08,21,18.548742
7.09,21,18.572021
7.1,21,18.595306
7.11,21,18.618584
7.12,21,18.641867
7.13,21,18.66515
7.14,21,18.68843
7.15,21,18.711716
7.16,21,18.734997
7.17,21,18.758276
7.18,21,18.781563
7.19,21,18.804844
7.2,21,18.828127
7.21,21,18.851408
7.22,21,18.87469
7.23,21,18.897972
7.24,21,18.921253
7.25,21,18.944538
7.26,21,18.96782
7.27,21,18.991102
7.28,21,19.014381
7.29,21,19.037666
7.3,21,19.060947
7.31,21,19.084229
7.32,21,19.10751
7.33,21,19.130795
7.34,21,19.154074
7.35,21,19.177353
7.36,21,19.200638
7.37,21,19.223923
7.38,21,19.247204
7.39,21,19.270487
7.4,21,19.293766
7.41,21,19.317049
7.42,21,19.340332
7.43,21,19.363613
7.44,21,19.386896
7.45,21,19.41018
7.46,21,19.433462
7.47,21,19.456741
7.48,21,19.480022
7.49,21,19.503305
7.5,21,19.526585
7.51,21,19.55
7.52,21,19.573435
7.53,21,19.59687
7.54,21,19.62031
7.55,21,19.643745
7.56,21,19.667187
7.57,21,19.69062
7.58,21,19.714058
7.59,21,19.737495
7.6,21,19.760933
7.61,21,19.78437
7.62,21,19.807808
7.63,21,19.831244
7.64,21,19.85468
7.65,21,19.878119
7.66,21,19.901554
7.67,21,19.924994
7.68,21,19.948431
7.69,21,19.971867
7.7,21,19.995302
7.71,21,20.018742
7.72,21,20.04218
7.73,21,20.065617
7.74,21,20.089054
7.75,21,20.11249
7.76,21,20.135925
7.77,21,20.159363
7.78,21,20.1828
7.79,21,20.20624
7.8,21,20.229675
7.81,21,20.25311
7.82,21,20.27655
7.83,21,20.299984
7.84,21,20.323421
7.85,21,20.34686
7.86,21,20.370298
7.87,21,20.393734
7.88,21,20.417171
7.89,21,20.440609
7.9,21,20.464045
7.91,21,20.48748
7.92,21,20.510921
7.93,21,20.534359
7.94,21,20.557796
7.95,21,20.58123
7.96,21,20.604668
7.97,21,20.628105
7.98,21,20.651543
7.99,21,20.674978
8.0,21,20.698418
8.01,21,20.721851
8.02,21,20.745289
8.03,21,20.768726
8.04,21,20.792164
8.05,21,20.815601
8.06,21,20.839039
8.07,21,20.862473
8.08,21,20.885914
8.09,21,20.90935
8.1,21,20.932787
8.11,21,20.956226
8.12,21,20.97966
8.13,21,21.0031
8.14,21,21.026535
8.15,21,21.049973
8.16,21,21.07341
8.17,21,21.09685
8.18,21,21.120287
8.19,21,21.143719
8.2,21,21.16716
8.21,21,21.190598
8.22,21,21.214031
8.23,21,21.237469
8.24,21,21.260908
8.25,21,21.284344
8.26,21,21.307783
8.27,21,21.331217
8.28,21,21.354654
8.29,21,21.378094
8.3,21,21.401531
8.31,21,21.424967
8.32,21,21.448402
8.33,21,21.47184
8.34,21,21.495275
8.35,21,21.518715
8.36,21,21.542152
8.37,21,21.565586
8.38,21,21.589025
8.39,21,21.612465
8.4,21,21.635899
8.41,21,21.659336
8.42,21,21.682777
8.43,21,21.706207
8.44,21,21.729649
8.45,21,21.753086
8.46,21,21.776525
8.47,21,21.799961
8.48,21,21.823397
8.49,21,21.846834
8.5,21,21.87027
8.51,21,21.893711
8.52,21,21.917147
8.53,21,21.940582
8.54,21,21.96402
8.55,21,21.987455
8.56,21,22.010895
8.57,21,22.034328
8.58,21,22.05777
8.59,21,22.081207
8.6,21,22.104645
8.61,21,22.128082
8.62,21,22.15152
8.63,21,22.174955
8.64,21,22.198391
8.65,21,22.221828
8.66,21,22.245266
8.67,21,22.268702
8.68,21,22.292141
8.69,21,22.31558
8.7,21,22.339014
8.71,21,22.362932
8.72,21,22.387415
8.73,21,22.411896
8.74,21,22.43638
8.75,21,22.460857
8.76,21,22.485344
8.77,21,22.509823
8.78,21,22.534306
8.79,21,22.558786
8.8,21,22.583267
8.81,21,22.60775
8.82,21,22.63223
8.83,21,22.656712
8.84,21,22.681192
8.85,21,22.705673
8.86,21,22.730156
8.87,21,22.754639
8.88,21,22.77912
8.89,21,22.8036
8.9,21,22.828083
8.91,21,22.852562
8.92,21,22.877048
8.93,21,22.901525
8.94,21,22.924454
8.95,21,22.9469
8.96,21,22.96935
8.97,21,22.991798
8.98,21,23.014242
8.99,21,23.036692
9.0,21,23.059135
9.01,21,23.081585
9.02,21,23.104029
9.03,21,23.126476
9.04,21,23.148922
9.05,21,23.171371
9.06,21,23.193817
9.07,21,23.216265
9.08,21,23.23871
9.09,21,23.26116
9.1,21,23.283607
9.11,21,23.306051
9.12,21,23.328499
9.13,21,23.350948
9.14,21,23.373396
9.15,21,23.395838
9.16,21,23.418285
9.17,21,23.440737
9.18,21,23.463184
9.19,21,23.48563
9.2,21,23.508076
9.21,21,23.530523
9.22,21,23.552969
9.23,21,23.575415
9.24,21,23.597862
9.25,21,23.620308
9.26,21,23.64276
9.27,21,23.665207
9.28,21,23.687649
9.29,21,23.710098
9.3,21,23.732544
9.31,21,23.754992
9.32,21,23.77744
9.33,21,23.799881
9.34,21,23.82233
9.35,21,23.844782
9.36,21,23.867226
9.37,21,23.889671
9.38,21,23.912123
9.39,21,23.934566
9.4,21,23.957012
9.41,21,23.979458
9.42,21,24.001905
9.43,21,24.024351
9.44,21,24.046803
9.45,21,24.06925
9.46,21,24.091694
9.47,21,24.114141
9.48,21,24.13659
9.49,21,24.159035
9.5,21,24.181482
9.51,21,24.20393
9.52,21,24.226376
9.53,21,24.248821
9.54,21,24.271269
9.55,21,24.293716
9.56,21,24.316162
9.57,21,24.338612
9.58,21,24.361053
9.59,21,24.383503
9.6,21,24.405952
9.61,21,24.428402
9.62,21,24.450844
9.63,21,24.473291
9.64,21,24.495739
9.65,21,24.518187
9.66,21,24.540632
9.67,21,24.56308
9.68,21,24.585526
9.69,21,24.607975
9.7,21,24.630419
9.71,21,24.652866
9.72,21,24.675312
9.73,21,24.697756
9.74,21,24.72021
9.75,21,24.742653
9.76,21,24.7651
9.77,21,24.787544
9.78,21,24.809994
9.79,21,24.832445
9.8,21,24.854889
9.81,21,24.877333
9.82,21,24.899782
9.83,21,24.92223
9.84,21,24.944677
9.85,21,24.967125
9.86,21,24.989569
9.87,21,25.012016
9.88,21,25.034462
9.89,21,25.05691
9.9,21,25.079355
9.91,21,25.101807
9.92,21,25.12425
9.93,21,25.146702
9.94,21,25.169146
9.95,21,25.191591
9.96,21,25.214039
9.97,21,25.236485
9.98,21,25.258932
9.99,21,25.281378
10.0,21,25.303825
