distance,hour,fare
0.0,6,4.410554
0.01,6,4.4125495
0.02,6,4.4145427
0.03,6,4.4165382
0.04,6,4.418533
0.05,6,4.4205275
0.06,6,4.4225225
0.07,6,4.4245167
0.08,6,4.4265122
0.09,6,4.428507
0.1,6,4.4305015
0.11,6,4.4324956
0.12,6,4.434491
0.13,6,4.436486
0.14,6,4.4384804
0.15,6,4.440475
0.16,6,4.4424696
0.17,6,4.444464
0.18,6,4.446459
0.19,6,4.448454
0.2,6,4.450449
0.21,6,4.452443
0.22,6,4.4544387
0.23,6,4.456433
0.24,6,4.4584274
0.25,6,4.460422
0.26,6,4.462417
0.27,6,4.464412
0.28,6,4.466407
0.29,6,4.4684014
0.3,6,4.4703965
0.31,6,4.4723897
0.32,6,4.474385
0.33,6,4.47638
0.34,6,4.4783745
0.35,6,4.4803696
0.36,6,4.4823647
0.37,6,4.484359
0.38,6,4.4863534
0.39,6,4.488348
0.4,6,4.490343
0.41,6,4.4923377
0.42,6,4.4943323
0.43,6,4.4963284
0.44,6,4.498322
0.45,6,4.500316
0.46,6,4.502311
0.47,6,4.5043063
0.48,6,4.5063004
0.49,6,4.508295
0.5,6,4.51029
0.51,6,4.5122843
0.52,6,4.5142794
0.53,6,4.5162745
0.54,6,4.51827
0.55,6,4.520264
0.56,6,4.5222588
0.57,6,4.524254
0.58,6,4.5262485
0.59,6,4.528243
0.6,6,4.530238
0.61,6,4.5322323
0.62,6,4.5342274
0.63,6,4.5362215
0.64,6,4.538216
0.65,6,4.5402107
0.66,6,4.542206
0.67,6,4.544201
0.68,6,4.5461955
0.69,6,4.5481896
0.7,6,4.550185
0.71,6,4.5521793
0.72,6,4.5614758
0.73,6,4.5720577
0.74,6,4.5826397
0.75,6,4.5932226
0.76,6,4.6038046
0.77,6,4.6143866
0.78,6,4.624969
0.79,6,4.635551
0.8,6,4.646133
0.81,6,4.6567154
0.82,6,4.6672974
0.83,6,4.6778793
0.84,6,4.6884623
0.85,6,4.6990433
0.86,6,4.709626
0.87,6,4.720207
0.88,6,4.73018
0.89,6,4.7401524
0.9,6,4.7501245
0.91,6,4.7600965
0.92,6,4.770068
0.93,6,4.7800407
0.94,6,4.790013
0.95,6,4.7985616
0.96,6,4.8070955
0.97,6,4.815632
0.98,6,4.8241673
0.99,6,4.8327026
1.0,6,4.842144
1.01,6,4.852352
1.02,6,4.86256
1.03,6,4.872768
1.04,6,4.882975
1.05,6,4.893184
1.06,6,4.903392
1.07,6,4.9136
1.08,6,4.923808
1.09,6,4.934016
1.1,6,4.944224
1.11,6,4.9544325
1.12,6,4.9646397
1.13,6,4.9748473
1.14,6,4.9850564
1.15,6,4.995264
1.16,6,5.0054717
1.17,6,5.015681
1.18,6,5.0258875
1.19,6,5.0360956
1.2,6,5.0463047
1.21,6,5.056512
1.22,6,5.06672
1.23,6,5.076928
1.24,6,5.087136
1.25,6,5.0975027
1.26,6,5.107933
1.27,6,5.1183615
1.28,6,5.128792
1.29,6,5.139222
1.3,6,5.149651
1.31,6,5.1636887
1.32,6,5.185478
1.33,6,5.2072687
1.34,6,5.229058
1.35,6,5.250848
1.36,6,5.2726374
1.37,6,5.294427
1.38,6,5.316218
1.39,6,5.338008
1.4,6,5.3597975
1.41,6,5.3815875
1.42,6,5.4033766
1.43,6,5.4251666
1.44,6,5.446957
1.45,6,5.4686546
1.46,6,5.490466
1.47,6,5.513789
1.48,6,5.5371103
1.49,6,5.5604334
1.5,6,5.5837555
1.51,6,5.607078
1.52,6,5.6303997
1.53,6,5.6537237
1.54,6,5.677046
1.55,6,5.700369
1.56,6,5.723691
1.57,6,5.7470136
1.58,6,5.770335
1.59,6,5.7936563
1.6,6,5.817182
1.61,6,5.8440857
1.62,6,5.8709865
1.63,6,5.8978887
1.64,6,5.924792
1.65,6,5.9516935
1.66,6,5.9785967
1.67,6,6.0055
1.68,6,6.0324006
1.69,6,6.0593033
1.7,6,6.0862055
1.71,6,6.1131086
1.72,6,6.140012
1.73,6,6.166912
1.74,6,6.1938148
1.75,6,6.2207184
1.76,6,6.24762
1.77,6,6.2745237
1.78,6,6.301425
1.79,6,6.328327
1.8,6,6.355231
1.81,6,6.382132
1.82,6,6.4090333
1.83,6,6.435937
1.84,6,6.462839
1.85,6,6.4897423
1.86,6,6.5166435
1.87,6,6.543545
1.88,6,6.570449
1.89,6,6.597352
1.9,6,6.6242523
1.91,6,6.651157
1.92,6,6.6780577
1.93,6,6.7049594
1.94,6,6.731863
1.95,6,6.758765
1.96,6,6.7856684
1.97,6,6.8125696
1.98,6,6.839472
1.99,6,6.866374
2.0,6,6.893276
2.01,6,6.92018
2.02,6,6.945938
2.03,6,6.970533
2.04,6,6.995127
2.05,6,7.019721
2.06,6,7.0443153
2.07,6,7.06891
2.08,6,7.093505
2.09,6,7.1180983
2.1,6,7.1426916
2.11,6,7.167287
2.12,6,7.191882
2.13,6,7.2164755
2.14,6,7.2410707
2.15,6,7.2656646
2.16,6,7.2902584
2.17,6,7.314853
2.18,6,7.339446
2.19,6,7.3640413
2.2,6,7.3884277
2.21,6,7.410445
2.22,6,7.4324656
2.23,6,7.4544826
2.24,6,7.4765005
2.25,6,7.498519
2.26,6,7.5205383
2.27,6,7.5425563
2.28,6,7.5645742
2.29,6,7.5865927
2.3,6,7.608611
2.31,6,7.63063
2.32,6,7.652647
2.33,6,7.6746655
2.34,6,7.6966844
2.35,6,7.718701
2.36,6,7.7407217
2.37,6,7.762738
2.38,6,7.7847567
2.39,6,7.806776
2.4,6,7.8287954
2.41,6,7.850812
2.42,6,7.872829
2.43,6,7.8948483
2.44,6,7.9168677
2.45,6,7.9388847
2.46,6,7.960903
2.47,6,7.982922
2.48,6,8.004939
2.49,6,8.026958
2.5,6,8.048976
2.51,6,8.070994
2.52,6,8.093013
2.53,6,8.115031
2.54,6,8.137049
2.55,6,8.159066
2.56,6,8.181085
2.57,6,8.203105
2.58,6,8.225122
2.59,6,8.24714
2.6,6,8.269159
2.61,6,8.291178
2.62,6,8.313196
2.63,6,8.335215
2.64,6,8.357233
2.65,6,8.379251
2.66,6,8.401268
2.67,6,8.423286
2.68,6,8.445306
2.69,6,8.467323
2.7,6,8.489342
2.71,6,8.511359
2.72,6,8.533379
2.73,6,8.555397
2.74,6,8.577415
2.75,6,8.599433
2.76,6,8.621451
2.77,6,8.64347
2.78,6,8.665486
2.79,6,8.68829
2.8,6,8.711133
2.81,6,8.734349
2.82,6,8.759532
2.83,6,8.784713
2.84,6,8.8098955
2.85,6,8.835079
2.86,6,8.860259
2.87,6,8.885444
2.88,6,8.9106245
2.89,6,8.935806
2.9,6,8.96099
2.91,6,8.986173
2.92,6,9.0113535
2.93,6,9.036538
2.94,6,9.061721
2.95,6,9.086902
2.96,6,9.112084
2.97,6,9.137267
2.98,6,9.16245
2.99,6,9.187631
3.0,6,9.212815
3.01,6,9.237994
3.02,6,9.26318
3.03,6,9.28836
3.04,6,9.313543
3.05,6,9.338725
3.06,6,9.363523
3.07,6,9.387321
3.08,6,9.4111185
3.09,6,9.434915
3.1,6,9.458711
3.11,6,9.482509
3.12,6,9.506309
3.13,6,9.530106
3.14,6,9.553901
3.15,6,9.577699
3.16,6,9.601496
3.17,6,9.625295
3.18,6,9.649093
3.19,6,9.672888
3.2,6,9.696687
3.21,6,9.720483
3.22,6,9.744279
3.23,6,9.768077
3.24,6,9.791875
3.25,6,9.815671
3.26,6,9.839469
3.27,6,9.863266
3.28,6,9.887065
3.29,6,9.910861
3.3,6,9.934659
3.31,6,9.958455
3.32,6,9.982253
3.33,6,10.006049
3.34,6,10.028411
3.35,6,10.04574
3.36,6,10.063072
3.37,6,10.080401
3.38,6,10.097731
3.39,6,10.115061
3.4,6,10.132392
3.41,6,10.149724
3.42,6,10.167052
3.43,6,10.184382
3.44,6,10.201713
3.45,6,10.219042
3.46,6,10.236373
3.47,6,10.253703
3.48,6,10.271033
3.49,6,10.2883625
3.5,6,10.305693
3.51,6,10.323023
3.52,6,10.340354
3.53,6,10.357683
3.54,6,10.375012
3.55,6,10.392343
3.56,6,10.409674
3.57,6,10.427002
3.58,6,10.444334
3.59,6,10.461662
3.6,6,10.478995
3.61,6,10.496475
3.62,6,10.514045
3.63,6,10.531614
3.64,6,10.549183
3.65,6,10.5667515
3.66,6,10.584321
3.67,6,10.6018915
3.68,6,10.619459
3.69,6,10.637027
3.7,6,10.654595
3.71,6,10.672166
3.72,6,10.689735
3.73,6,10.707303
3.74,6,10.724872
3.75,6,10.742441
3.76,6,10.760011
3.77,6,10.777579
3.78,6,10.795145
3.79,6,10.8127165
3.8,6,10.830283
3.81,6,10.847852
3.82,6,10.865422
3.83,6,10.88299
3.84,6,10.900559
3.85,6,10.918129
3.86,6,10.935698
3.87,6,10.953267
3.88,6,10.970835
3.89,6,10.988402
3.9,6,11.005973
3.91,6,11.023541
3.92,6,11.04111
3.93,6,11.058678
3.94,6,11.076248
3.95,6,11.093817
3.96,6,11.111384
3.97,6,11.128955
3.98,6,11.1465225
3.99,6,11.164092
4.0,6,11.181661
4.01,6,11.199229
4.02,6,11.2168
4.03,6,11.234368
4.04,6,11.251937
4.05,6,11.2695055
4.06,6,11.287075
4.07,6,11.304643
4.08,6,11.322212
4.09,6,11.33978
4.1,6,11.35735
4.11,6,11.374917
4.12,6,11.392486
4.13,6,11.410055
4.14,6,11.427627
4.15,6,11.445192
4.16,6,11.462763
4.17,6,11.480332
4.18,6,11.497899
4.19,6,11.515469
4.2,6,11.533037
4.21,6,11.550607
4.22,6,11.568173
4.23,6,11.58486
4.24,6,11.599999
4.25,6,11.61514
4.26,6,11.630282
4.27,6,11.645423
4.28,6,11.660563
4.29,6,11.675705
4.3,6,11.690847
4.31,6,11.705989
4.32,6,11.721131
4.33,6,11.736272
4.34,6,11.751412
4.35,6,11.766554
4.36,6,11.781695
4.37,6,11.796836
4.38,6,11.811978
4.39,6,11.827119
4.4,6,11.8442545
4.41,6,11.862095
4.42,6,11.879935
4.43,6,11.897777
4.44,6,11.915617
4.45,6,11.933455
4.46,6,11.951298
4.47,6,11.969136
4.48,6,11.986978
4.49,6,12.004817
4.5,6,12.022658
4.51,6,12.040499
4.52,6,12.058311
4.53,6,12.076003
4.54,6,12.093696
4.55,6,12.111391
4.56,6,12.129083
4.57,6,12.146776
4.58,6,12.16447
4.59,6,12.182163
4.6,6,12.199856
4.61,6,12.217547
4.62,6,12.235243
4.63,6,12.252935
4.64,6,12.270629
4.65,6,12.2883215
4.66,6,12.306015
4.67,6,12.323709
4.68,6,12.341403
4.69,6,12.359096
4.7,6,12.376789
4.71,6,12.394481
4.72,6,12.412175
4.73,6,12.42987
4.74,6,12.44756
4.75,6,12.465255
4.76,6,12.482946
4.77,6,12.500641
4.78,6,12.518333
4.79,6,12.536028
4.8,6,12.5537195
4.81,6,12.571415
4.82,6,12.5891075
4.83,6,12.606801
4.84,6,12.624495
4.85,6,12.642186
4.86,6,12.65988
4.87,6,12.6784525
4.88,6,12.697771
4.89,6,12.717092
4.9,6,12.736411
4.91,6,12.755731
4.92,6,12.775049
4.93,6,12.79437
4.94,6,12.813688
4.95,6,12.83301
4.96,6,12.852327
4.97,6,12.871646
4.98,6,12.890965
4.99,6,12.910286
5.0,6,12.9296055
5.01,6,12.948924
5.02,6,12.968244
5.03,6,12.987564
5.04,6,13.006882
5.05,6,13.026202
5.06,6,13.045522
5.07,6,13.06484
5.08,6,13.084159
5.09,6,13.10348
5.1,6,13.122799
5.11,6,13.1421175
5.12,6,13.161437
5.13,6,13.180757
5.14,6,13.200077
5.15,6,13.219397
5.16,6,13.238717
5.17,6,13.258035
5.18,6,13.277354
5.19,6,13.296675
5.2,6,13.315993
5.21,6,13.335313
5.22,6,13.35463
5.23,6,13.37395
5.24,6,13.39327
5.25,6,13.412589
5.26,6,13.431909
5.27,6,13.451228
5.28,6,13.470548
5.29,6,13.489867
5.3,6,13.509187
5.31,6,13.528506
5.32,6,13.547826
5.33,6,13.567147
5.34,6,13.586465
5.35,6,13.605784
5.36,6,13.625102
5.37,6,13.6444235
5.38,6,13.663743
5.39,6,13.683062
5.4,6,13.70238
5.41,6,13.721702
5.42,6,13.741019
5.43,6,13.760338
5.44,6,13.779656
5.45,6,13.798977
5.46,6,13.818299
5.47,6,13.837617
5.48,6,13.856936
5.49,6,13.876258
5.5,6,13.895575
5.51,6,13.914893
5.52,6,13.934214
5.53,6,13.953532
5.54,6,13.972853
5.55,6,13.992171
5.56,6,14.011491
5.57,6,14.030812
5.58,6,14.05013
5.59,6,14.069449
5.6,6,14.088767
5.61,6,14.108087
5.62,6,14.127408
5.63,6,14.146724
5.64,6,14.166046
5.65,6,14.185367
5.66,6,14.204686
5.67,6,14.224004
5.68,6,14.243325
5.69,6,14.262645
5.7,6,14.281964
5.71,6,14.301282
5.72,6,14.320601
5.73,6,14.33992
5.74,6,14.3592415
5.75,6,14.378558
5.76,6,14.397881
5.77,6,14.417199
5.78,6,14.436519
5.79,6,14.455836
5.8,6,14.475155
5.81,6,14.494475
5.82,6,14.513797
5.83,6,14.533116
5.84,6,14.552434
5.85,6,14.571754
5.86,6,14.591073
5.87,6,14.610393
5.88,6,14.629713
5.89,6,14.649032
5.9,6,14.66835
5.91,6,14.687669
5.92,6,14.706991
5.93,6,14.726309
5.94,6,14.745629
5.95,6,14.764947
5.96,6,14.784266
5.97,6,14.803584
5.98,6,14.822907
5.99,6,14.842223
6.0,6,14.861544
6.01,6,14.880864
6.02,6,14.900185
6.03,6,14.919502
6.04,6,14.93882
6.05,6,14.958141
6.06,6,14.977464
6.07,6,14.996779
6.08,6,15.016098
6.09,6,15.03542
6.1,6,15.054738
6.11,6,15.074058
6.12,6,15.093377
6.13,6,15.112697
6.14,6,15.132013
6.15,6,15.151336
6.16,6,15.170657
6.17,6,15.189976
6.18,6,15.209292
6.19,6,15.228614
6.2,6,15.247933
6.21,6,15.267253
6.22,6,15.286569
6.23,6,15.30589
6.24,6,15.32521
6.25,6,15.34453
6.26,6,15.363849
6.27,6,15.383168
6.28,6,15.402488
6.29,6,15.421805
6.3,6,15.441127
6.31,6,15.460446
6.32,6,15.479766
6.33,6,15.499085
6.34,6,15.518403
6.35,6,15.537724
6.36,6,15.557042
6.37,6,15.576363
6.38,6,15.595681
6.39,6,15.615001
6.4,6,15.63432
6.41,6,15.653638
6.42,6,15.67296
6.43,6,15.692279
6.44,6,15.711598
6.45,6,15.730916
6.46,6,15.750236
6.47,6,15.769557
6.48,6,15.788876
6.49,6,15.808194
6.5,6,15.827513
6.51,6,15.846835
6.52,6,15.866155
6.53,6,15.885658
6.54,6,15.905435
6.55,6,15.92521
6.56,6,15.944985
6.57,6,15.964759
6.58,6,15.984532
6.59,6,16.004309
6.6,6,16.024086
6.61,6,16.043858
6.62,6,16.063633
6.63,6,16.083406
6.64,6,16.103184
6.65,6,16.12296
6.66,6,16.14273
6.67,6,16.16251
6.68,6,16.182281
6.69,6,16.202387
6.7,6,16.22362
6.71,6,16.244858
6.72,6,16.26609
6.73,6,16.287323
6.74,6,16.30856
6.75,6,16.329792
6.76,6,16.351028
6.77,6,16.372263
6.78,6,16.393496
6.79,6,16.41473
6.8,6,16.435966
6.81,6,16.4572
6.82,6,16.478434
6.83,6,16.499672
6.84,6,16.520903
6.85,6,16.54214
6.86,6,16.56337
6.87,6,16.584606
6.88,6,16.605843
6.89,6,16.627075
6.9,6,16.648308
6.91,6,16.669544
6.92,6,16.690777
6.93,6,16.712013
6.94,6,16.733248
6.95,6,16.754482
6.96,6,16.775715
6.97,6,16.796951
6.98,6,16.818184
6.99,6,16.83942
7.0,6,16.860653
7.01,6,16.881887
7.02,6,16.90312
7.03,6,16.924356
7.04,6,16.945591
7.05,6,16.966824
7.06,6,16.98806
7.07,6,17.009295
7.08,6,17.030527
7.09,6,17.051762
7.1,6,17.072998
7.11,6,17.094233
7.12,6,17.115467
7.13,6,17.1367
7.14,6,17.157934
7.15,6,17.179169
7.16,6,17.200403
7.17,6,17.221638
7.18,6,17.24287
7.19,6,17.264107
7.2,6,17.285343
7.21,6,17.306574
7.22,6,17.327808
7.23,6,17.349043
7.24,6,17.37028
7.25,6,17.39151
7.26,6,17.412748
7.27,6,17.43398
7.28,6,17.455217
7.29,6,17.47645
7.3,6,17.497684
7.31,6,17.518919
7.32,6,17.540154
7.33,6,17.561388
7.34,6,17.58262
7.35,6,17.603857
7.36,6,17.625092
7.37,6,17.646328
7.38,6,17.66756
7.39,6,17.688793
7.4,6,17.710028
7.41,6,17.731262
7.42,6,17.752499
7.43,6,17.773731
7.44,6,17.794966
7.45,6,17.8162
7.46,6,17.837435
7.47,6,17.858665
7.48,6,17.879902
7.49,6,17.901136
7.5,6,17.922373
7.51,6,17.943607
7.52,6,17.96484
7.53,6,17.986073
7.54,6,18.007309
7.55,6,18.028543
7.56,6,18.049778
7.57,6,18.071016
7.58,6,18.092247
7.59,6,18.113482
7.6,6,18.134722
7.61,6,18.155958
7.62,6,18.1772
7.63,6,18.19844
7.64,6,18.219683
7.65,6,18.240917
7.66,6,18.26216
7.67,6,18.283401
7.68,6,18.304642
7.69,6,18.325882
7.7,6,18.347122
7.71,6,18.368359
7.72,6,18.3896
7.73,6,18.410841
7.74,6,18.43208
7.75,6,18.45332
7.76,6,18.47456
7.77,6,18.4958
7.78,6,18.51704
7.79,6,18.538277
7.8,6,18.55952
7.81,6,18.58076
7.82,6,18.602
7.83,6,18.623238
7.84,6,18.644478
7.85,6,18.665718
7.86,6,18.686958
7.87,6,18.7082
7.88,6,18.729439
7.89,6,18.750679
7.9,6,18.771917
7.91,6,18.793158
7.92,6,18.814396
7.93,6,18.835638
7.94,6,18.856874
7.95,6,18.878117
7.96,6,18.899359
7.97,6,18.920595
7.98,6,18.94184
7.99,6,18.963078
8.0,6,18.98432
8.01,6,19.005554
8.02,6,19.026796
8.03,6,19.048037
8.04,6,19.069275
8.05,6,19.090517
8.06,6,19.111755
8.07,6,19.132994
8.08,6,19.154238
8.09,6,19.175472
8.1,6,19.196714
8.11,6,19.217955
8.12,6,19.239197
8.13,6,19.260435
8.14,6,19.281675
8.15,6,19.302917
8.16,6,19.324156
8.17,6,19.34539
8.18,6,19.366632
8.19,6,19.387856
8.2,6,19.409084
8.21,6,19.430307
8.22,6,19.451534
8.23,6,19.472761
8.24,6,19.493965
8.25,6,19.515165
8.26,6,19.53637
8.27,6,19.557568
8.28,6,19.578768
8.29,6,19.599968
8.3,6,19.62117
8.31,6,19.642368
8.32,6,19.663572
8.33,6,19.68477
8.34,6,19.70597
8.35,6,19.727173
8.36,6,19.748373
8.37,6,19.769573
8.38,6,19.790771
8.39,6,19.811974
8.4,6,19.833174
8.41,6,19.854374
8.42,6,19.875576
8.43,6,19.896776
8.44,6,19.917976
8.45,6,19.939178
8.46,6,19.96038
8.47,6,19.981579
8.48,6,20.002777
8.49,6,20.023981
8.5,6,20.045181
8.51,6,20.06638
8.52,6,20.08758
8.53,6,20.10878
8.54,6,20.129982
8.55,6,20.151186
8.56,6,20.172382
8.57,6,20.193584
8.58,6,20.214783
8.59,6,20.235983
8.6,6,20.257185
8.61,6,20.278387
8.62,6,20.299583
8.63,6,20.320929
8.64,6,20.342918
8.65,6,20.364906
8.66,6,20.386892
8.67,6,20.408882
8.68,6,20.43087
8.69,6,20.452856
8.7,6,20.474842
8.71,6,20.49683
8.72,6,20.518816
8.73,6,20.540806
8.74,6,20.562794
8.75,6,20.584782
8.76,6,20.60677
8.77,6,20.628756
8.78,6,20.650743
8.79,6,20.67273
8.8,6,20.694717
8.81,6,20.716705
8.82,6,20.738697
8.83,6,20.76068
8.84,6,20.782667
8.85,6,20.804653
8.86,6,20.826645
8.87,6,20.848633
8.88,6,20.87062
8.89,6,20.892607
8.9,6,20.914595
8.91,6,20.93658
8.92,6,20.95857
8.93,6,20.980556
8.94,6,21.00254
8.95,6,21.024532
8.96,6,21.04652
8.97,6,21.068508
8.98,6,21.090492
8.99,6,21.11248
9.0,6,21.134468
9.01,6,21.156454
9.02,6,21.178442
9.03,6,21.200428
9.04,6,21.222418
9.05,6,21.244408
9.06,6,21.266397
9.07,6,21.28838
9.08,6,21.310368
9.09,6,21.332357
9.1,6,21.354347
9.11,6,21.376331
9.12,6,21.398321
9.13,6,21.420305
9.14,6,21.442295
9.15,6,21.46428
9.16,6,21.486265
9.17,6,21.508255
9.18,6,21.530243
9.19,6,21.55223
9.2,6,21.574219
9.21,6,21.596203
9.22,6,21.61819
9.23,6,21.640182
9.24,6,21.66217
9.25,6,21.684155
9.26,6,21.706142
9.27,6,21.72813
9.28,6,21.750122
9.29,6,21.772106
9.3,6,21.79409
9.31,6,21.816084
9.32,6,21.838066
9.33,6,21.860058
9.34,6,21.882046
9.35,6,21.90403
9.36,6,21.92602
9.37,6,21.948006
9.38,6,21.969997
9.39,6,21.991982
9.4,6,22.01397
9.41,6,22.035954
9.42,6,22.057941
9.43,6,22.079931
9.44,6,22.101921
9.45,6,22.123907
9.46,6,22.145895
9.47,6,22.167885
9.48,6,22.189869
9.49,6,22.211857
9.5,6,22.233845
9.51,6,22.255835
9.52,6,22.27782
9.53,6,22.299805
9.54,6,22.321793
9.55,6,22.343784
9.56,6,22.36577
9.57,6,22.387756
9.58,6,22.409746
9.59,6,22.43173
9.6,6,22.45372
9.61,6,22.475712
9.62,6,22.497692
9.63,6,22.519684
9.64,6,22.541672
9.65,6,22.563656
9.66,6,22.58564
9.67,6,22.60763
9.68,6,22.62962
9.69,6,22.651608
9.7,6,22.673594
9.71,6,22.695581
9.72,6,22.71757
9.73,6,22.73956
9.74,6,22.761545
9.75,6,22.783535
9.76,6,22.80552
9.77,6,22.827507
9.78,6,22.849493
9.79,6,22.871485
9.8,6,22.89347
9.81,6,22.915459
9.82,6,22.937447
9.83,6,22.959433
9.84,6,22.981417
9.85,6,23.003405
9.86,6,23.02539
9.87,6,23.04738
9.88,6,23.069372
9.89,6,23.091354
9.9,6,23.113344
9.91,6,23.135334
9.92,6,23.157318
9.93,6,23.179308
9.94,6,23.201294
9.95,6,23.223286
9.96,6,23.245268
9.97,6,23.267258
9.98,6,23.289244
9.99,6,23.311232
10.0,6,23.33322
