distance,hour,fare
0.0,19,5.080993
0.01,19,5.081059
0.02,19,5.0811243
0.03,19,5.08119
0.04,19,5.081255
0.05,19,5.0813203
0.06,19,5.081386
0.07,19,5.0814514
0.08,19,5.081517
0.09,19,5.0815825
0.1,19,5.081649
0.11,19,5.0817137
0.12,19,5.0817795
0.13,19,5.0818453
0.14,19,5.08191
0.15,19,5.081976
0.16,19,5.0820417
0.17,19,5.0821066
0.18,19,5.0821724
0.19,19,5.0822377
0.2,19,5.0823035
0.21,19,5.08237
0.22,19,5.0824347
0.23,19,5.0825005
0.24,19,5.0820665
0.25,19,5.08156
0.26,19,5.0810547
0.27,19,5.0805483
0.28,19,5.0800424
0.29,19,5.079537
0.3,19,5.0790305
0.31,19,5.0785246
0.32,19,5.078018
0.33,19,5.0775127
0.34,19,5.0770063
0.35,19,5.0765004
0.36,19,5.0759945
0.37,19,5.0754886
0.38,19,5.0749826
0.39,19,5.0744762
0.4,19,5.073971
0.41,19,5.076039
0.42,19,5.0783153
0.43,19,5.0805907
0.44,19,5.082868
0.45,19,5.085144
0.46,19,5.0874205
0.47,19,5.089697
0.48,19,5.091973
0.49,19,5.0942492
0.5,19,5.0965266
0.51,19,5.0988026
0.52,19,5.101078
0.53,19,5.1033554
0.54,19,5.1056314
0.55,19,5.1079073
0.56,19,5.110184
0.57,19,5.1124597
0.58,19,5.1147366
0.59,19,5.117013
0.6,19,5.11929
0.61,19,5.121566
0.62,19,5.1238422
0.63,19,5.126118
0.64,19,5.1292605
0.65,19,5.135526
0.66,19,5.1417923
0.67,19,5.1480575
0.68,19,5.1543236
0.69,19,5.161197
0.7,19,5.168124
0.71,19,5.1750503
0.72,19,5.183079
0.73,19,5.191496
0.74,19,5.200143
0.75,19,5.210749
0.76,19,5.2210507
0.77,19,5.231351
0.78,19,5.2416525
0.79,19,5.2519536
0.8,19,5.2622547
0.81,19,5.272391
0.82,19,5.286846
0.83,19,5.301301
0.84,19,5.315756
0.85,19,5.330211
0.86,19,5.344665
0.87,19,5.3628683
0.88,19,5.3877316
0.89,19,5.4125943
0.9,19,5.4374566
0.91,19,5.462319
0.92,19,5.4871817
0.93,19,5.5120444
0.94,19,5.5369062
0.95,19,5.5617695
0.96,19,5.586632
0.97,19,5.6114936
0.98,19,5.636357
0.99,19,5.6612196
1.0,19,5.6862435
1.01,19,5.711834
1.02,19,5.737425
1.03,19,5.7630143
1.04,19,5.788604
1.05,19,5.8141956
1.06,19,5.8397846
1.07,19,5.865376
1.08,19,5.8909645
1.09,19,5.916555
1.1,19,5.942145
1.11,19,5.967735
1.12,19,5.993325
1.13,19,6.018915
1.14,19,6.044505
1.15,19,6.0700955
1.16,19,6.095685
1.17,19,6.121275
1.18,19,6.1468644
1.19,19,6.172454
1.2,19,6.1980453
1.21,19,6.2236347
1.22,19,6.249225
1.23,19,6.2748156
1.24,19,6.3004055
1.25,19,6.3259954
1.26,19,6.3515854
1.27,19,6.377176
1.28,19,6.4027653
1.29,19,6.428356
1.3,19,6.4539456
1.31,19,6.4795356
1.32,19,6.505125
1.33,19,6.5307155
1.34,19,6.556306
1.35,19,6.581895
1.36,19,6.607485
1.37,19,6.6330757
1.38,19,6.6586657
1.39,19,6.6842546
1.4,19,6.7098455
1.41,19,6.7354355
1.42,19,6.7610254
1.43,19,6.786615
1.44,19,6.812206
1.45,19,6.8377957
1.46,19,6.8633866
1.47,19,6.888976
1.48,19,6.914566
1.49,19,6.940157
1.5,19,6.9657464
1.51,19,6.991336
1.52,19,7.016926
1.53,19,7.042515
1.54,19,7.068106
1.55,19,7.0936956
1.56,19,7.119287
1.57,19,7.1445084
1.58,19,7.1692414
1.59,19,7.1939735
1.6,19,7.218707
1.61,19,7.24344
1.62,19,7.268173
1.63,19,7.292906
1.64,19,7.3176394
1.65,19,7.342372
1.66,19,7.3671055
1.67,19,7.391839
1.68,19,7.4165707
1.69,19,7.4413033
1.7,19,7.466036
1.71,19,7.4907694
1.72,19,7.515502
1.73,19,7.540235
1.74,19,7.564968
1.75,19,7.5897017
1.76,19,7.6144342
1.77,19,7.6391673
1.78,19,7.6639004
1.79,19,7.6886334
1.8,19,7.7133665
1.81,19,7.7380986
1.82,19,7.7628307
1.83,19,7.7865314
1.84,19,7.8092337
1.85,19,7.8319354
1.86,19,7.854638
1.87,19,7.8773413
1.88,19,7.900043
1.89,19,7.9227448
1.9,19,7.9454474
1.91,19,7.96815
1.92,19,7.9908514
1.93,19,8.013556
1.94,19,8.036418
1.95,19,8.059329
1.96,19,8.082241
1.97,19,8.105153
1.98,19,8.128822
1.99,19,8.152844
2.0,19,8.176865
2.01,19,8.200884
2.02,19,8.224905
2.03,19,8.248926
2.04,19,8.272945
2.05,19,8.2969675
2.06,19,8.320987
2.07,19,8.345008
2.08,19,8.369029
2.09,19,8.393048
2.1,19,8.417068
2.11,19,8.44109
2.12,19,8.463786
2.13,19,8.485756
2.14,19,8.507727
2.15,19,8.5296955
2.16,19,8.551665
2.17,19,8.573635
2.18,19,8.595604
2.19,19,8.617574
2.2,19,8.639646
2.21,19,8.661715
2.22,19,8.6837845
2.23,19,8.704349
2.24,19,8.724767
2.25,19,8.745182
2.26,19,8.765598
2.27,19,8.786016
2.28,19,8.806434
2.29,19,8.82685
2.3,19,8.847268
2.31,19,8.867685
2.32,19,8.888101
2.33,19,8.908519
2.34,19,8.928936
2.35,19,8.949352
2.36,19,8.969771
2.37,19,8.990187
2.38,19,9.010604
2.39,19,9.031021
2.4,19,9.051438
2.41,19,9.0718565
2.42,19,9.09238
2.43,19,9.112904
2.44,19,9.133428
2.45,19,9.153951
2.46,19,9.174474
2.47,19,9.194997
2.48,19,9.21552
2.49,19,9.236044
2.5,19,9.256568
2.51,19,9.277092
2.52,19,9.297615
2.53,19,9.318139
2.54,19,9.33866
2.55,19,9.359185
2.56,19,9.37971
2.57,19,9.400231
2.58,19,9.420756
2.59,19,9.44128
2.6,19,9.461803
2.61,19,9.482327
2.62,19,9.502851
2.63,19,9.523374
2.64,19,9.543898
2.65,19,9.564421
2.66,19,9.584943
2.67,19,9.605469
2.68,19,9.625992
2.69,19,9.646516
2.7,19,9.667039
2.71,19,9.687562
2.72,19,9.708085
2.73,19,9.72861
2.74,19,9.749133
2.75,19,9.769656
2.76,19,9.789981
2.77,19,9.80941
2.78,19,9.828837
2.79,19,9.848265
2.8,19,9.867695
2.81,19,9.887123
2.82,19,9.90655
2.83,19,9.925979
2.84,19,9.945407
2.85,19,9.964836
2.86,19,9.984265
2.87,19,10.003693
2.88,19,10.023121
2.89,19,10.042549
2.9,19,10.061976
2.91,19,10.081406
2.92,19,10.100833
2.93,19,10.120261
2.94,19,10.139691
2.95,19,10.159119
2.96,19,10.178546
2.97,19,10.197975
2.98,19,10.2174015
2.99,19,10.23683
3.0,19,10.256259
3.01,19,10.275687
3.02,19,10.295114
3.03,19,10.314544
3.04,19,10.333972
3.05,19,10.353399
3.06,19,10.372829
3.07,19,10.392258
3.08,19,10.411686
3.09,19,10.431113
3.1,19,10.4505415
3.11,19,10.469969
3.12,19,10.489397
3.13,19,10.508826
3.14,19,10.528254
3.15,19,10.547683
3.16,19,10.567111
3.17,19,10.586537
3.18,19,10.605966
3.19,19,10.625395
3.2,19,10.644822
3.21,19,10.664252
3.22,19,10.68368
3.23,19,10.703108
3.24,19,10.722536
3.25,19,10.741964
3.26,19,10.761392
3.27,19,10.780821
3.28,19,10.800248
3.29,19,10.819676
3.3,19,10.839106
3.31,19,10.858535
3.32,19,10.87796
3.33,19,10.897389
3.34,19,10.916818
3.35,19,10.936246
3.36,19,10.955674
3.37,19,10.975102
3.38,19,10.994532
3.39,19,11.01396
3.4,19,11.033389
3.41,19,11.052816
3.42,19,11.072244
3.43,19,11.091673
3.44,19,11.111102
3.45,19,11.1305275
3.46,19,11.149957
3.47,19,11.169385
3.48,19,11.188814
3.49,19,11.208209
3.5,19,11.227601
3.51,19,11.246994
3.52,19,11.266384
3.53,19,11.285776
3.54,19,11.305169
3.55,19,11.324561
3.56,19,11.343956
3.57,19,11.363347
3.58,19,11.382741
3.59,19,11.40213
3.6,19,11.421525
3.61,19,11.440916
3.62,19,11.460307
3.63,19,11.4797
3.64,19,11.4992
3.65,19,11.522177
3.66,19,11.545154
3.67,19,11.568133
3.68,19,11.591108
3.69,19,11.614087
3.7,19,11.637063
3.71,19,11.66004
3.72,19,11.683019
3.73,19,11.705996
3.74,19,11.728972
3.75,19,11.751949
3.76,19,11.774927
3.77,19,11.797904
3.78,19,11.820882
3.79,19,11.843859
3.8,19,11.866836
3.81,19,11.889814
3.82,19,11.912791
3.83,19,11.935769
3.84,19,11.958745
3.85,19,11.981724
3.86,19,12.004701
3.87,19,12.0276785
3.88,19,12.050656
3.89,19,12.073634
3.9,19,12.096611
3.91,19,12.119587
3.92,19,12.142565
3.93,19,12.165544
3.94,19,12.18852
3.95,19,12.211496
3.96,19,12.234473
3.97,19,12.257451
3.98,19,12.280428
3.99,19,12.303407
4.0,19,12.326384
4.01,19,12.34658
4.02,19,12.366466
4.03,19,12.386351
4.04,19,12.406236
4.05,19,12.426123
4.06,19,12.446006
4.07,19,12.465893
4.08,19,12.485778
4.09,19,12.505664
4.1,19,12.525548
4.11,19,12.545435
4.12,19,12.565322
4.13,19,12.585207
4.14,19,12.605092
4.15,19,12.624979
4.16,19,12.644863
4.17,19,12.664748
4.18,19,12.684636
4.19,19,12.704519
4.2,19,12.724404
4.21,19,12.74429
4.22,19,12.764178
4.23,19,12.784062
4.24,19,12.803949
4.25,19,12.823833
4.26,19,12.8437195
4.27,19,12.863605
4.28,19,12.883491
4.29,19,12.903377
4.3,19,12.923263
4.31,19,12.943149
4.32,19,12.963033
4.33,19,12.982921
4.34,19,13.002806
4.35,19,13.02269
4.36,19,13.042576
4.37,19,13.062461
4.38,19,13.082348
4.39,19,13.102232
4.4,19,13.122118
4.41,19,13.142003
4.42,19,13.161891
4.43,19,13.181775
4.44,19,13.20133
4.45,19,13.220678
4.46,19,13.2400255
4.47,19,13.259376
4.48,19,13.278726
4.49,19,13.298075
4.5,19,13.317422
4.51,19,13.336774
4.52,19,13.356122
4.53,19,13.37547
4.54,19,13.394819
4.55,19,13.414168
4.56,19,13.4335165
4.57,19,13.452867
4.58,19,13.472217
4.59,19,13.491566
4.6,19,13.510914
4.61,19,13.530263
4.62,19,13.549611
4.63,19,13.568959
4.64,19,13.588309
4.65,19,13.607658
4.66,19,13.6270075
4.67,19,13.646356
4.68,19,13.665706
4.69,19,13.685056
4.7,19,13.704402
4.71,19,13.723752
4.72,19,13.743101
4.73,19,13.76245
4.74,19,13.781798
4.75,19,13.801148
4.76,19,13.8204975
4.77,19,13.839847
4.78,19,13.859195
4.79,19,13.878547
4.8,19,13.897895
4.81,19,13.917241
4.82,19,13.940136
4.83,19,13.965158
4.84,19,13.990182
4.85,19,14.015208
4.86,19,14.040235
4.87,19,14.065259
4.88,19,14.090283
4.89,19,14.11531
4.9,19,14.140334
4.91,19,14.165359
4.92,19,14.190384
4.93,19,14.215411
4.94,19,14.240434
4.95,19,14.265461
4.96,19,14.290484
4.97,19,14.315511
4.98,19,14.340535
4.99,19,14.3655615
5.0,19,14.390585
5.01,19,14.415612
5.02,19,14.440637
5.03,19,14.465661
5.04,19,14.490685
5.05,19,14.51571
5.06,19,14.540736
5.07,19,14.5657625
5.08,19,14.590785
5.09,19,14.615809
5.1,19,14.640837
5.11,19,14.665863
5.12,19,14.6908865
5.13,19,14.715911
5.14,19,14.740936
5.15,19,14.765963
5.16,19,14.790989
5.17,19,14.816012
5.18,19,14.841037
5.19,19,14.866063
5.2,19,14.891088
5.21,19,14.916114
5.22,19,14.941138
5.23,19,14.966164
5.24,19,14.99119
5.25,19,15.0162115
5.26,19,15.041239
5.27,19,15.066264
5.28,19,15.0912895
5.29,19,15.116315
5.3,19,15.141337
5.31,19,15.166364
5.32,19,15.191391
5.33,19,15.216414
5.34,19,15.241441
5.35,19,15.266466
5.36,19,15.2914915
5.37,19,15.316516
5.38,19,15.34154
5.39,19,15.366565
5.4,19,15.391591
5.41,19,15.416617
5.42,19,15.441642
5.43,19,15.466664
5.44,19,15.491691
5.45,19,15.516717
5.46,19,15.541741
5.47,19,15.566768
5.48,19,15.591792
5.49,19,15.616818
5.5,19,15.641841
5.51,19,15.666868
5.52,19,15.691891
5.53,19,15.716695
5.54,19,15.741096
5.55,19,15.765494
5.56,19,15.790085
5.57,19,15.815183
5.58,19,15.8402815
5.59,19,15.865378
5.6,19,15.890477
5.61,19,15.915574
5.62,19,15.940682
5.63,19,15.965812
5.64,19,15.990939
5.65,19,16.016068
5.66,19,16.041197
5.67,19,16.066326
5.68,19,16.091454
5.69,19,16.116583
5.7,19,16.14171
5.71,19,16.166843
5.72,19,16.191969
5.73,19,16.217098
5.74,19,16.24223
5.75,19,16.267359
5.76,19,16.292484
5.77,19,16.317616
5.78,19,16.342745
5.79,19,16.367874
5.8,19,16.393002
5.81,19,16.418129
5.82,19,16.44326
5.83,19,16.468388
5.84,19,16.493519
5.85,19,16.518648
5.86,19,16.543774
5.87,19,16.568905
5.88,19,16.594034
5.89,19,16.619164
5.9,19,16.64429
5.91,19,16.66942
5.92,19,16.69455
5.93,19,16.719677
5.94,19,16.744808
5.95,19,16.769934
5.96,19,16.795067
5.97,19,16.820194
5.98,19,16.845322
5.99,19,16.870451
6.0,19,16.89558
6.01,19,16.92071
6.02,19,16.945839
6.03,19,16.970968
6.04,19,16.996096
6.05,19,17.021225
6.06,19,17.046356
6.07,19,17.071482
6.08,19,17.096613
6.09,19,17.12174
6.1,19,17.146873
6.11,19,17.172
6.12,19,17.197128
6.13,19,17.222258
6.14,19,17.247387
6.15,19,17.272516
6.16,19,17.297644
6.17,19,17.322773
6.18,19,17.3479
6.19,19,17.373032
6.2,19,17.398159
6.21,19,17.423286
6.22,19,17.448418
6.23,19,17.473549
6.24,19,17.498672
6.25,19,17.523804
6.26,19,17.548935
6.27,19,17.574059
6.28,19,17.599192
6.29,19,17.624317
6.3,19,17.649448
6.31,19,17.67458
6.32,19,17.699705
6.33,19,17.724834
6.34,19,17.749962
6.35,19,17.775093
6.36,19,17.800222
6.37,19,17.825352
6.38,19,17.85048
6.39,19,17.875607
6.4,19,17.900738
6.41,19,17.925865
6.42,19,17.950998
6.43,19,17.976124
6.44,19,18.001255
6.45,19,18.02638
6.46,19,18.051514
6.47,19,18.07664
6.48,19,18.10168
6.49,19,18.126493
6.5,19,18.151302
6.51,19,18.176111
6.52,19,18.200922
6.53,19,18.225733
6.54,19,18.250542
6.55,19,18.27535
6.56,19,18.300165
6.57,19,18.324974
6.58,19,18.349785
6.59,19,18.374592
6.6,19,18.399405
6.61,19,18.424213
6.62,19,18.449024
6.63,19,18.473835
6.64,19,18.498644
6.65,19,18.523453
6.66,19,18.548264
6.67,19,18.573074
6.68,19,18.597889
6.69,19,18.622696
6.7,19,18.647505
6.71,19,18.672316
6.72,19,18.697128
6.73,19,18.721937
6.74,19,18.746746
6.75,19,18.771559
6.76,19,18.796371
6.77,19,18.821182
6.78,19,18.845993
6.79,19,18.870802
6.8,19,18.89561
6.81,19,18.920422
6.82,19,18.945229
6.83,19,18.970041
6.84,19,18.994852
6.85,19,19.019665
6.86,19,19.044476
6.87,19,19.069283
6.88,19,19.094091
6.89,19,19.118904
6.9,19,19.143713
6.91,19,19.168522
6.92,19,19.193333
6.93,19,19.218143
6.94,19,19.242952
6.95,19,19.267765
6.96,19,19.292572
6.97,19,19.317387
6.98,19,19.342197
6.99,19,19.367006
7.0,19,19.391813
7.01,19,19.416624
7.02,19,19.441435
7.03,19,19.466246
7.04,19,19.491058
7.05,19,19.51587
7.06,19,19.54068
7.07,19,19.565487
7.08,19,19.590302
7.09,19,19.61511
7.1,19,19.639923
7.11,19,19.66473
7.12,19,19.689539
7.13,19,19.714352
7.14,19,19.739159
7.15,19,19.763968
7.16,19,19.78878
7.17,19,19.813591
7.18,19,19.838404
7.19,19,19.863214
7.2,19,19.888021
7.21,19,19.912832
7.22,19,19.937645
7.23,19,19.962452
7.24,19,19.987265
7.25,19,20.012072
7.26,19,20.036884
7.27,19,20.061695
7.28,19,20.086504
7.29,19,20.111313
7.3,19,20.13613
7.31,19,20.160934
7.32,19,20.185743
7.33,19,20.210556
7.34,19,20.235367
7.35,19,20.26018
7.36,19,20.284985
7.37,19,20.309797
7.38,19,20.334608
7.39,19,20.35942
7.4,19,20.384228
7.41,19,20.409037
7.42,19,20.433847
7.43,19,20.458658
7.44,19,20.483469
7.45,19,20.508282
7.46,19,20.53309
7.47,19,20.557901
7.48,19,20.582714
7.49,19,20.607521
7.5,19,20.632332
7.51,19,20.65714
7.52,19,20.681953
7.53,19,20.70676
7.54,19,20.731575
7.55,19,20.756382
7.56,19,20.781193
7.57,19,20.806005
7.58,19,20.830812
7.59,19,20.855623
7.6,19,20.880436
7.61,19,20.905243
7.62,19,20.930054
7.63,19,20.954865
7.64,19,20.979675
7.65,19,21.004429
7.66,19,21.029156
7.67,19,21.053886
7.68,19,21.078617
7.69,19,21.103153
7.7,19,21.125677
7.71,19,21.148172
7.72,19,21.170668
7.73,19,21.193163
7.74,19,21.215656
7.75,19,21.238152
7.76,19,21.260645
7.77,19,21.28314
7.78,19,21.305634
7.79,19,21.328133
7.8,19,21.350626
7.81,19,21.37312
7.82,19,21.395613
7.83,19,21.418108
7.84,19,21.440605
7.85,19,21.463097
7.86,19,21.485577
7.87,19,21.50803
7.88,19,21.530483
7.89,19,21.552937
7.9,19,21.575396
7.91,19,21.597853
7.92,19,21.620298
7.93,19,21.642757
7.94,19,21.66521
7.95,19,21.687666
7.96,19,21.710123
7.97,19,21.732576
7.98,19,21.755032
7.99,19,21.777485
8.0,19,21.79994
8.01,19,21.822395
8.02,19,21.84485
8.03,19,21.867302
8.04,19,21.88976
8.05,19,21.912209
8.06,19,21.934666
8.07,19,21.957123
8.08,19,21.979576
8.09,19,22.00203
8.1,19,22.024483
8.11,19,22.04694
8.12,19,22.069393
8.13,19,22.091848
8.14,19,22.114302
8.15,19,22.136759
8.16,19,22.159214
8.17,19,22.181665
8.18,19,22.20412
8.19,19,22.226574
8.2,19,22.249031
8.21,19,22.271482
8.22,19,22.29394
8.23,19,22.316393
8.24,19,22.338848
8.25,19,22.361305
8.26,19,22.383759
8.27,19,22.406214
8.28,19,22.428669
8.29,19,22.45112
8.3,19,22.473577
8.31,19,22.49603
8.32,19,22.518484
8.33,19,22.540941
8.34,19,22.563395
8.35,19,22.58585
8.36,19,22.608303
8.37,19,22.630758
8.38,19,22.653212
8.39,19,22.675667
8.4,19,22.698122
8.41,19,22.720575
8.42,19,22.743034
8.43,19,22.765482
8.44,19,22.78794
8.45,19,22.810394
8.46,19,22.832851
8.47,19,22.855303
8.48,19,22.877758
8.49,19,22.900215
8.5,19,22.922668
8.51,19,22.945118
8.52,19,22.967573
8.53,19,22.99003
8.54,19,23.012482
8.55,19,23.034939
8.56,19,23.057392
8.57,19,23.079847
8.58,19,23.102306
8.59,19,23.12476
8.6,19,23.147213
8.61,19,23.169666
8.62,19,23.19212
8.63,19,23.214577
8.64,19,23.237028
8.65,19,23.259487
8.66,19,23.28194
8.67,19,23.304394
8.68,19,23.326847
8.69,19,23.349304
8.7,19,23.37106
8.71,19,23.39087
8.72,19,23.41068
8.73,19,23.430492
8.74,19,23.450308
8.75,19,23.470112
8.76,19,23.489923
8.77,19,23.509739
8.78,19,23.52955
8.79,19,23.54936
8.8,19,23.569172
8.81,19,23.588984
8.82,19,23.608793
8.83,19,23.628609
8.84,19,23.648417
8.85,19,23.668226
8.86,19,23.68804
8.87,19,23.707853
8.88,19,23.727663
8.89,19,23.747475
8.9,19,23.767284
8.91,19,23.787094
8.92,19,23.80691
8.93,19,23.82672
8.94,19,23.84653
8.95,19,23.866339
8.96,19,23.886154
8.97,19,23.905964
8.98,19,23.925777
8.99,19,23.945585
9.0,19,23.965399
9.01,19,23.985209
9.02,19,24.005018
9.03,19,24.024834
9.04,19,24.044643
9.05,19,24.064453
9.06,19,24.084267
9.07,19,24.104076
9.08,19,24.123888
9.09,19,24.1437
9.1,19,24.16351
9.11,19,24.183325
9.12,19,24.203135
9.13,19,24.222946
9.14,19,24.242752
9.15,19,24.262571
9.16,19,24.282377
9.17,19,24.302193
9.18,19,24.322002
9.19,19,24.34181
9.2,19,24.361626
9.21,19,24.381435
9.22,19,24.401247
9.23,19,24.421059
9.24,19,24.440866
9.25,19,24.46068
9.26,19,24.48049
9.27,19,24.500301
9.28,19,24.520115
9.29,19,24.539925
9.3,19,24.559738
9.31,19,24.579548
9.32,19,24.599365
9.33,19,24.619173
9.34,19,24.638983
9.35,19,24.658794
9.36,19,24.678602
9.37,19,24.698421
9.38,19,24.718227
9.39,19,24.73804
9.4,19,24.75785
9.41,19,24.777664
9.42,19,24.797474
9.43,19,24.817282
9.44,19,24.837095
9.45,19,24.856909
9.46,19,24.87672
9.47,19,24.896534
9.48,19,24.91634
9.49,19,24.936153
9.5,19,24.95596
9.51,19,24.97578
9.52,19,24.995586
9.53,19,25.0154
9.54,19,25.035206
9.55,19,25.055021
9.56,19,25.074833
9.57,19,25.09464
9.58,19,25.11445
9.59,19,25.134268
9.6,19,25.154076
9.61,19,25.17389
9.62,19,25.193697
9.63,19,25.213509
9.64,19,25.233322
9.65,19,25.253132
9.66,19,25.272943
9.67,19,25.292755
9.68,19,25.312567
9.69,19,25.332378
9.7,19,25.35219
9.71,19,25.372
9.72,19,25.391811
9.73,19,25.411621
9.74,19,25.431437
9.75,19,25.451244
9.76,19,25.47106
9.77,19,25.490868
9.78,19,25.510677
9.79,19,25.530489
9.8,19,25.550304
9.81,19,25.57011
9.82,19,25.589928
9.83,19,25.609735
9.84,19,25.629547
9.85,19,25.649359
9.86,19,25.66917
9.87,19,25.68898
9.88,19,25.708794
9.89,19,25.728605
9.9,19,25.748415
9.91,19,25.768211
9.92,19,25.787994
9.93,19,25.807781
9.94,19,25.827559
9.95,19,25.847311
9.96,19,25.867052
9.97,19,25.886791
9.98,19,25.906525
9.99,19,25.926266
10.0,19,25.946007
