distance,hour,fare
0.0,5,4.2846174
0.01,5,4.2861743
0.02,5,4.28773
0.03,5,4.2892847
0.04,5,4.290841
0.05,5,4.2923965
0.06,5,4.293952
0.07,5,4.2955074
0.08,5,4.2970634
0.09,5,4.2986174
0.1,5,4.3001738
0.11,5,4.301729
0.12,5,4.3032846
0.13,5,4.304841
0.14,5,4.3063965
0.15,5,4.307953
0.16,5,4.3095083
0.17,5,4.3110633
0.18,5,4.3126187
0.19,5,4.3141747
0.2,5,4.315729
0.21,5,4.317285
0.22,5,4.3188415
0.23,5,4.320484
0.24,5,4.3224797
0.25,5,4.324474
0.26,5,4.326469
0.27,5,4.328463
0.28,5,4.3304577
0.29,5,4.332453
0.3,5,4.3344474
0.31,5,4.3364425
0.32,5,4.338437
0.33,5,4.3404326
0.34,5,4.3424263
0.35,5,4.3444214
0.36,5,4.346416
0.37,5,4.348411
0.38,5,4.3504057
0.39,5,4.3524003
0.4,5,4.354395
0.41,5,4.356389
0.42,5,4.358384
0.43,5,4.3603787
0.44,5,4.362374
0.45,5,4.3643684
0.46,5,4.366363
0.47,5,4.3683577
0.48,5,4.3703527
0.49,5,4.372347
0.5,5,4.374342
0.51,5,4.376337
0.52,5,4.3783317
0.53,5,4.3803263
0.54,5,4.3823214
0.55,5,4.3843155
0.56,5,4.386311
0.57,5,4.3883047
0.58,5,4.3903
0.59,5,4.3922944
0.6,5,4.39429
0.61,5,4.396284
0.62,5,4.3982787
0.63,5,4.400274
0.64,5,4.4022684
0.65,5,4.404263
0.66,5,4.4062586
0.67,5,4.40851
0.68,5,4.41154
0.69,5,4.41457
0.7,5,4.4179697
0.71,5,4.4298515
0.72,5,4.4417334
0.73,5,4.4536166
0.74,5,4.465499
0.75,5,4.477381
0.76,5,4.4892645
0.77,5,4.5011463
0.78,5,4.513029
0.79,5,4.524911
0.8,5,4.536794
0.81,5,4.5486765
0.82,5,4.5605583
0.83,5,4.5724416
0.84,5,4.584325
0.85,5,4.5962057
0.86,5,4.6080885
0.87,5,4.619972
0.88,5,4.631854
0.89,5,4.643736
0.9,5,4.6556187
0.91,5,4.6675005
0.92,5,4.6793838
0.93,5,4.691266
0.94,5,4.703148
0.95,5,4.7150307
0.96,5,4.726913
0.97,5,4.7377987
0.98,5,4.747993
0.99,5,4.7581873
1.0,5,4.768382
1.01,5,4.7785764
1.02,5,4.7887697
1.03,5,4.7989655
1.04,5,4.8091593
1.05,5,4.8193536
1.06,5,4.830064
1.07,5,4.8409233
1.08,5,4.851784
1.09,5,4.862645
1.1,5,4.8735056
1.11,5,4.8843665
1.12,5,4.895227
1.13,5,4.9060874
1.14,5,4.9169474
1.15,5,4.927808
1.16,5,4.9386683
1.17,5,4.949529
1.18,5,4.96039
1.19,5,4.9712505
1.2,5,4.9817877
1.21,5,4.992217
1.22,5,5.0026464
1.23,5,5.013076
1.24,5,5.023506
1.25,5,5.033974
1.26,5,5.046012
1.27,5,5.0580497
1.28,5,5.0700874
1.29,5,5.0821257
1.3,5,5.0941644
1.31,5,5.106202
1.32,5,5.1182404
1.33,5,5.1302786
1.34,5,5.142316
1.35,5,5.154355
1.36,5,5.168934
1.37,5,5.190477
1.38,5,5.212017
1.39,5,5.233559
1.4,5,5.255101
1.41,5,5.276643
1.42,5,5.298185
1.43,5,5.319726
1.44,5,5.3412685
1.45,5,5.36281
1.46,5,5.3843517
1.47,5,5.4058933
1.48,5,5.4274354
1.49,5,5.4489765
1.5,5,5.470518
1.51,5,5.4920597
1.52,5,5.5136023
1.53,5,5.535144
1.54,5,5.5582967
1.55,5,5.5816193
1.56,5,5.6049414
1.57,5,5.6282644
1.58,5,5.6515856
1.59,5,5.6749077
1.6,5,5.6982317
1.61,5,5.721554
1.62,5,5.744876
1.63,5,5.768198
1.64,5,5.7915215
1.65,5,5.8148437
1.66,5,5.838167
1.67,5,5.8614883
1.68,5,5.884811
1.69,5,5.908134
1.7,5,5.9314556
1.71,5,5.954778
1.72,5,5.9803214
1.73,5,6.007222
1.74,5,6.0341244
1.75,5,6.0610275
1.76,5,6.0879297
1.77,5,6.114832
1.78,5,6.141735
1.79,5,6.168638
1.8,5,6.1955395
1.81,5,6.222442
1.82,5,6.249345
1.83,5,6.276247
1.84,5,6.3031487
1.85,5,6.3300514
1.86,5,6.356953
1.87,5,6.383856
1.88,5,6.410758
1.89,5,6.437659
1.9,5,6.4645634
1.91,5,6.4914656
1.92,5,6.5183673
1.93,5,6.5452695
1.94,5,6.572172
1.95,5,6.5990753
1.96,5,6.6259766
1.97,5,6.652879
1.98,5,6.679781
1.99,5,6.706684
2.0,5,6.733586
2.01,5,6.7604895
2.02,5,6.787392
2.03,5,6.814294
2.04,5,6.8411965
2.05,5,6.868099
2.06,5,6.8950005
2.07,5,6.9219027
2.08,5,6.948804
2.09,5,6.975706
2.1,5,7.0026107
2.11,5,7.029513
2.12,5,7.0564156
2.13,5,7.0833178
2.14,5,7.11022
2.15,5,7.1371226
2.16,5,7.1640244
2.17,5,7.1909275
2.18,5,7.217829
2.19,5,7.2447314
2.2,5,7.2702546
2.21,5,7.2948484
2.22,5,7.319443
2.23,5,7.344037
2.24,5,7.3686304
2.25,5,7.3932257
2.26,5,7.417819
2.27,5,7.4424143
2.28,5,7.4670076
2.29,5,7.491603
2.3,5,7.516197
2.31,5,7.5407906
2.32,5,7.565387
2.33,5,7.589978
2.34,5,7.6145735
2.35,5,7.6391687
2.36,5,7.663764
2.37,5,7.6883574
2.38,5,7.7129517
2.39,5,7.736293
2.4,5,7.7583127
2.41,5,7.7803307
2.42,5,7.802347
2.43,5,7.824366
2.44,5,7.846384
2.45,5,7.8684044
2.46,5,7.8904214
2.47,5,7.9124384
2.48,5,7.934458
2.49,5,7.9564767
2.5,5,7.978494
2.51,5,8.000511
2.52,5,8.022531
2.53,5,8.044549
2.54,5,8.066567
2.55,5,8.088586
2.56,5,8.110603
2.57,5,8.132623
2.58,5,8.15464
2.59,5,8.176659
2.6,5,8.198678
2.61,5,8.2206955
2.62,5,8.242713
2.63,5,8.264732
2.64,5,8.286751
2.65,5,8.308768
2.66,5,8.330787
2.67,5,8.352804
2.68,5,8.374824
2.69,5,8.396842
2.7,5,8.41886
2.71,5,8.440878
2.72,5,8.462897
2.73,5,8.484915
2.74,5,8.506933
2.75,5,8.528953
2.76,5,8.550968
2.77,5,8.572988
2.78,5,8.595005
2.79,5,8.617023
2.8,5,8.639043
2.81,5,8.661061
2.82,5,8.68308
2.83,5,8.705097
2.84,5,8.727117
2.85,5,8.749133
2.86,5,8.771154
2.87,5,8.793171
2.88,5,8.815188
2.89,5,8.837207
2.9,5,8.859917
2.91,5,8.882761
2.92,5,8.905604
2.93,5,8.928448
2.94,5,8.951291
2.95,5,8.974134
2.96,5,8.996978
2.97,5,9.01982
2.98,5,9.042665
2.99,5,9.065505
3.0,5,9.088347
3.01,5,9.111192
3.02,5,9.134035
3.03,5,9.156879
3.04,5,9.17972
3.05,5,9.202565
3.06,5,9.225408
3.07,5,9.248252
3.08,5,9.271093
3.09,5,9.293937
3.1,5,9.316779
3.11,5,9.339625
3.12,5,9.362467
3.13,5,9.38531
3.14,5,9.408154
3.15,5,9.432183
3.16,5,9.457367
3.17,5,9.482549
3.18,5,9.50773
3.19,5,9.532913
3.2,5,9.558095
3.21,5,9.583278
3.22,5,9.607817
3.23,5,9.631614
3.24,5,9.655411
3.25,5,9.679208
3.26,5,9.703006
3.27,5,9.726803
3.28,5,9.750598
3.29,5,9.774398
3.3,5,9.798194
3.31,5,9.821994
3.32,5,9.845789
3.33,5,9.869586
3.34,5,9.893383
3.35,5,9.917181
3.36,5,9.940979
3.37,5,9.964774
3.38,5,9.988572
3.39,5,10.012369
3.4,5,10.036168
3.41,5,10.059965
3.42,5,10.083762
3.43,5,10.10756
3.44,5,10.131357
3.45,5,10.155154
3.46,5,10.178951
3.47,5,10.202748
3.48,5,10.226545
3.49,5,10.250343
3.5,5,10.27414
3.51,5,10.297937
3.52,5,10.321735
3.53,5,10.3419485
3.54,5,10.359281
3.55,5,10.37661
3.56,5,10.39394
3.57,5,10.411271
3.58,5,10.428601
3.59,5,10.44593
3.6,5,10.46326
3.61,5,10.480591
3.62,5,10.49792
3.63,5,10.515251
3.64,5,10.532582
3.65,5,10.5499115
3.66,5,10.567242
3.67,5,10.584573
3.68,5,10.601902
3.69,5,10.619232
3.7,5,10.63656
3.71,5,10.653892
3.72,5,10.671223
3.73,5,10.688552
3.74,5,10.705882
3.75,5,10.723211
3.76,5,10.740542
3.77,5,10.757871
3.78,5,10.775203
3.79,5,10.792533
3.8,5,10.809863
3.81,5,10.827192
3.82,5,10.844523
3.83,5,10.861854
3.84,5,10.879186
3.85,5,10.896513
3.86,5,10.913844
3.87,5,10.931175
3.88,5,10.948504
3.89,5,10.965833
3.9,5,10.983164
3.91,5,11.000493
3.92,5,11.017824
3.93,5,11.035155
3.94,5,11.0524845
3.95,5,11.069814
3.96,5,11.087144
3.97,5,11.104476
3.98,5,11.121804
3.99,5,11.139135
4.0,5,11.156466
4.01,5,11.173796
4.02,5,11.191125
4.03,5,11.208456
4.04,5,11.225785
4.05,5,11.243116
4.06,5,11.260446
4.07,5,11.277777
4.08,5,11.295106
4.09,5,11.312436
4.1,5,11.329767
4.11,5,11.347096
4.12,5,11.364427
4.13,5,11.381757
4.14,5,11.399088
4.15,5,11.416417
4.16,5,11.4338
4.17,5,11.451367
4.18,5,11.468937
4.19,5,11.486505
4.2,5,11.504075
4.21,5,11.521643
4.22,5,11.539213
4.23,5,11.556781
4.24,5,11.574349
4.25,5,11.591919
4.26,5,11.609487
4.27,5,11.627055
4.28,5,11.644625
4.29,5,11.662194
4.3,5,11.679762
4.31,5,11.6973295
4.32,5,11.7149
4.33,5,11.7324705
4.34,5,11.750038
4.35,5,11.767607
4.36,5,11.785176
4.37,5,11.802744
4.38,5,11.820313
4.39,5,11.837882
4.4,5,11.855451
4.41,5,11.87302
4.42,5,11.890588
4.43,5,11.908157
4.44,5,11.925726
4.45,5,11.943295
4.46,5,11.960864
4.47,5,11.978433
4.48,5,11.996001
4.49,5,12.013572
4.5,5,12.031139
4.51,5,12.048708
4.52,5,12.0662775
4.53,5,12.083845
4.54,5,12.101415
4.55,5,12.118983
4.56,5,12.136552
4.57,5,12.153694
4.58,5,12.168836
4.59,5,12.183977
4.6,5,12.199119
4.61,5,12.214261
4.62,5,12.2294
4.63,5,12.24454
4.64,5,12.259681
4.65,5,12.274825
4.66,5,12.289966
4.67,5,12.305108
4.68,5,12.320249
4.69,5,12.335391
4.7,5,12.350531
4.71,5,12.365672
4.72,5,12.380814
4.73,5,12.395954
4.74,5,12.411096
4.75,5,12.426239
4.76,5,12.44138
4.77,5,12.456522
4.78,5,12.471663
4.79,5,12.486804
4.8,5,12.501944
4.81,5,12.517086
4.82,5,12.5322275
4.83,5,12.547367
4.84,5,12.56251
4.85,5,12.577651
4.86,5,12.5927925
4.87,5,12.607934
4.88,5,12.623075
4.89,5,12.638217
4.9,5,12.653358
4.91,5,12.6685
4.92,5,12.684236
4.93,5,12.702076
4.94,5,12.71984
4.95,5,12.7375345
4.96,5,12.755226
4.97,5,12.772921
4.98,5,12.790613
4.99,5,12.808307
5.0,5,12.825999
5.01,5,12.843692
5.02,5,12.861386
5.03,5,12.879079
5.04,5,12.896774
5.05,5,12.914468
5.06,5,12.93216
5.07,5,12.949854
5.08,5,12.967546
5.09,5,12.985239
5.1,5,13.002933
5.11,5,13.020625
5.12,5,13.03832
5.13,5,13.056011
5.14,5,13.073708
5.15,5,13.091398
5.16,5,13.109092
5.17,5,13.126786
5.18,5,13.144481
5.19,5,13.16217
5.2,5,13.179864
5.21,5,13.1975565
5.22,5,13.215251
5.23,5,13.232945
5.24,5,13.250639
5.25,5,13.268332
5.26,5,13.286023
5.27,5,13.303717
5.28,5,13.32141
5.29,5,13.339103
5.3,5,13.356796
5.31,5,13.374492
5.32,5,13.392183
5.33,5,13.409877
5.34,5,13.427571
5.35,5,13.445264
5.36,5,13.462956
5.37,5,13.48065
5.38,5,13.498343
5.39,5,13.516035
5.4,5,13.533729
5.41,5,13.551423
5.42,5,13.569116
5.43,5,13.586809
5.44,5,13.604504
5.45,5,13.622195
5.46,5,13.639888
5.47,5,13.657584
5.48,5,13.675275
5.49,5,13.692967
5.5,5,13.71066
5.51,5,13.728354
5.52,5,13.746048
5.53,5,13.7637415
5.54,5,13.781434
5.55,5,13.799128
5.56,5,13.816819
5.57,5,13.834514
5.58,5,13.852683
5.59,5,13.872003
5.6,5,13.891321
5.61,5,13.910643
5.62,5,13.929959
5.63,5,13.949281
5.64,5,13.968598
5.65,5,13.98792
5.66,5,14.007239
5.67,5,14.026559
5.68,5,14.0458765
5.69,5,14.065195
5.7,5,14.084516
5.71,5,14.103835
5.72,5,14.123155
5.73,5,14.142474
5.74,5,14.161792
5.75,5,14.181111
5.76,5,14.200433
5.77,5,14.21975
5.78,5,14.239069
5.79,5,14.258391
5.8,5,14.277709
5.81,5,14.297029
5.82,5,14.316346
5.83,5,14.335669
5.84,5,14.354989
5.85,5,14.374307
5.86,5,14.393627
5.87,5,14.412946
5.88,5,14.432265
5.89,5,14.451583
5.9,5,14.470902
5.91,5,14.490222
5.92,5,14.509542
5.93,5,14.528862
5.94,5,14.54818
5.95,5,14.567502
5.96,5,14.586817
5.97,5,14.606138
5.98,5,14.625459
5.99,5,14.644778
6.0,5,14.664096
6.01,5,14.683417
6.02,5,14.702737
6.03,5,14.722056
6.04,5,14.741374
6.05,5,14.7606945
6.06,5,14.780013
6.07,5,14.799334
6.08,5,14.818654
6.09,5,14.837972
6.1,5,14.857292
6.11,5,14.876611
6.12,5,14.895931
6.13,5,14.915249
6.14,5,14.934568
6.15,5,14.953888
6.16,5,14.973208
6.17,5,14.992526
6.18,5,15.0118475
6.19,5,15.031167
6.2,5,15.050486
6.21,5,15.069804
6.22,5,15.089121
6.23,5,15.108443
6.24,5,15.127765
6.25,5,15.147083
6.26,5,15.166405
6.27,5,15.1857195
6.28,5,15.205039
6.29,5,15.22436
6.3,5,15.24368
6.31,5,15.263
6.32,5,15.282319
6.33,5,15.301638
6.34,5,15.320956
6.35,5,15.340276
6.36,5,15.359593
6.37,5,15.378915
6.38,5,15.398236
6.39,5,15.417552
6.4,5,15.436873
6.41,5,15.456192
6.42,5,15.475514
6.43,5,15.49483
6.44,5,15.514152
6.45,5,15.533473
6.46,5,15.55279
6.47,5,15.572109
6.48,5,15.59143
6.49,5,15.610747
6.5,5,15.630067
6.51,5,15.649386
6.52,5,15.668704
6.53,5,15.688027
6.54,5,15.707345
6.55,5,15.726665
6.56,5,15.745984
6.57,5,15.765302
6.58,5,15.784621
6.59,5,15.803943
6.6,5,15.823262
6.61,5,15.84258
6.62,5,15.861899
6.63,5,15.88122
6.64,5,15.90054
6.65,5,15.919858
6.66,5,15.939179
6.67,5,15.958499
6.68,5,15.977814
6.69,5,15.997135
6.7,5,16.016455
6.71,5,16.035774
6.72,5,16.055098
6.73,5,16.074413
6.74,5,16.093733
6.75,5,16.113052
6.76,5,16.13237
6.77,5,16.151691
6.78,5,16.17101
6.79,5,16.190329
6.8,5,16.209648
6.81,5,16.228968
6.82,5,16.248287
6.83,5,16.267609
6.84,5,16.286928
6.85,5,16.306244
6.86,5,16.325565
6.87,5,16.344885
6.88,5,16.364204
6.89,5,16.383522
6.9,5,16.402843
6.91,5,16.422161
6.92,5,16.44148
6.93,5,16.460802
6.94,5,16.480122
6.95,5,16.49944
6.96,5,16.518757
6.97,5,16.538076
6.98,5,16.557396
6.99,5,16.576729
7.0,5,16.596504
7.01,5,16.61628
7.02,5,16.636055
7.03,5,16.65583
7.04,5,16.675663
7.05,5,16.696898
7.06,5,16.718132
7.07,5,16.739365
7.08,5,16.7606
7.09,5,16.781834
7.1,5,16.803066
7.11,5,16.824303
7.12,5,16.845537
7.13,5,16.866774
7.14,5,16.888004
7.15,5,16.909245
7.16,5,16.930473
7.17,5,16.95171
7.18,5,16.972942
7.19,5,16.994179
7.2,5,17.015411
7.21,5,17.036648
7.22,5,17.057884
7.23,5,17.079119
7.24,5,17.10035
7.25,5,17.121582
7.26,5,17.14282
7.27,5,17.164053
7.28,5,17.185287
7.29,5,17.206522
7.3,5,17.227757
7.31,5,17.248991
7.32,5,17.270227
7.33,5,17.29146
7.34,5,17.31269
7.35,5,17.33393
7.36,5,17.355164
7.37,5,17.376398
7.38,5,17.39763
7.39,5,17.418863
7.4,5,17.440102
7.41,5,17.461334
7.42,5,17.482569
7.43,5,17.503803
7.44,5,17.525036
7.45,5,17.54627
7.46,5,17.567507
7.47,5,17.588741
7.48,5,17.609976
7.49,5,17.63121
7.5,5,17.652445
7.51,5,17.67368
7.52,5,17.694914
7.53,5,17.716148
7.54,5,17.737383
7.55,5,17.758617
7.56,5,17.779854
7.57,5,17.801085
7.58,5,17.822319
7.59,5,17.843554
7.6,5,17.864788
7.61,5,17.886024
7.62,5,17.907257
7.63,5,17.928493
7.64,5,17.949724
7.65,5,17.970963
7.66,5,17.992195
7.67,5,18.01343
7.68,5,18.034664
7.69,5,18.0559
7.7,5,18.077133
7.71,5,18.098368
7.72,5,18.119602
7.73,5,18.140835
7.74,5,18.16207
7.75,5,18.183304
7.76,5,18.20454
7.77,5,18.225773
7.78,5,18.247005
7.79,5,18.268242
7.8,5,18.289474
7.81,5,18.31071
7.82,5,18.331944
7.83,5,18.35318
7.84,5,18.374413
7.85,5,18.395645
7.86,5,18.416883
7.87,5,18.438114
7.88,5,18.45935
7.89,5,18.480587
7.9,5,18.501818
7.91,5,18.523056
7.92,5,18.544287
7.93,5,18.565521
7.94,5,18.586758
7.95,5,18.60799
7.96,5,18.629227
7.97,5,18.650461
7.98,5,18.671696
7.99,5,18.692928
8.0,5,18.714165
8.01,5,18.735397
8.02,5,18.756636
8.03,5,18.777866
8.04,5,18.799103
8.05,5,18.820337
8.06,5,18.841572
8.07,5,18.862804
8.08,5,18.884039
8.09,5,18.905272
8.1,5,18.926506
8.11,5,18.947714
8.12,5,18.968922
8.13,5,18.990124
8.14,5,19.011333
8.15,5,19.03254
8.16,5,19.053745
8.17,5,19.07495
8.18,5,19.096157
8.19,5,19.117361
8.2,5,19.138567
8.21,5,19.159771
8.22,5,19.180977
8.23,5,19.202183
8.24,5,19.223389
8.25,5,19.244596
8.26,5,19.2658
8.27,5,19.28701
8.28,5,19.30822
8.29,5,19.329435
8.3,5,19.350643
8.31,5,19.371857
8.32,5,19.393066
8.33,5,19.414278
8.34,5,19.435486
8.35,5,19.4567
8.36,5,19.477911
8.37,5,19.499123
8.38,5,19.520334
8.39,5,19.541546
8.4,5,19.562757
8.41,5,19.583965
8.42,5,19.60518
8.43,5,19.626392
8.44,5,19.647604
8.45,5,19.668816
8.46,5,19.690025
8.47,5,19.711235
8.48,5,19.732447
8.49,5,19.753656
8.5,5,19.774872
8.51,5,19.796083
8.52,5,19.817293
8.53,5,19.838505
8.54,5,19.859716
8.55,5,19.880926
8.56,5,19.902138
8.57,5,19.92335
8.58,5,19.944561
8.59,5,19.965776
8.6,5,19.986988
8.61,5,20.008198
8.62,5,20.029406
8.63,5,20.050617
8.64,5,20.07183
8.65,5,20.09304
8.66,5,20.114252
8.67,5,20.135462
8.68,5,20.156675
8.69,5,20.177887
8.7,5,20.199099
8.71,5,20.22031
8.72,5,20.241518
8.73,5,20.262733
8.74,5,20.283943
8.75,5,20.305155
8.76,5,20.326366
8.77,5,20.34758
8.78,5,20.36879
8.79,5,20.39
8.8,5,20.411207
8.81,5,20.432423
8.82,5,20.453634
8.83,5,20.474844
8.84,5,20.496054
8.85,5,20.51727
8.86,5,20.538479
8.87,5,20.559692
8.88,5,20.580904
8.89,5,20.602114
8.9,5,20.623322
8.91,5,20.644535
8.92,5,20.665749
8.93,5,20.686956
8.94,5,20.70817
8.95,5,20.729382
8.96,5,20.75059
8.97,5,20.771803
8.98,5,20.793016
8.99,5,20.814228
9.0,5,20.835438
9.01,5,20.85665
9.02,5,20.877861
9.03,5,20.899073
9.04,5,20.920284
9.05,5,20.941494
9.06,5,20.962708
9.07,5,20.983917
9.08,5,21.005129
9.09,5,21.02634
9.1,5,21.047552
9.11,5,21.068768
9.12,5,21.089973
9.13,5,21.111189
9.14,5,21.132399
9.15,5,21.153608
9.16,5,21.17482
9.17,5,21.19603
9.18,5,21.217245
9.19,5,21.238457
9.2,5,21.259666
9.21,5,21.280876
9.22,5,21.302092
9.23,5,21.3233
9.24,5,21.34451
9.25,5,21.365723
9.26,5,21.386934
9.27,5,21.408142
9.28,5,21.429356
9.29,5,21.45057
9.3,5,21.471775
9.31,5,21.492989
9.32,5,21.514202
9.33,5,21.535414
9.34,5,21.556623
9.35,5,21.577831
9.36,5,21.599047
9.37,5,21.620255
9.38,5,21.641472
9.39,5,21.66268
9.4,5,21.683891
9.41,5,21.705105
9.42,5,21.726315
9.43,5,21.747526
9.44,5,21.768738
9.45,5,21.789946
9.46,5,21.81116
9.47,5,21.832373
9.48,5,21.853584
9.49,5,21.874794
9.5,5,21.896011
9.51,5,21.917217
9.52,5,21.938429
9.53,5,21.959639
9.54,5,21.98085
9.55,5,22.002064
9.56,5,22.023275
9.57,5,22.044483
9.58,5,22.065693
9.59,5,22.086908
9.6,5,22.10812
9.61,5,22.12933
9.62,5,22.150543
9.63,5,22.171753
9.64,5,22.192965
9.65,5,22.214174
9.66,5,22.23539
9.67,5,22.2566
9.68,5,22.277813
9.69,5,22.29902
9.7,5,22.320234
9.71,5,22.341446
9.72,5,22.362658
9.73,5,22.383867
9.74,5,22.40508
9.75,5,22.426292
9.76,5,22.4475
9.77,5,22.468714
9.78,5,22.489922
9.79,5,22.511137
9.8,5,22.532347
9.81,5,22.553562
9.82,5,22.574772
9.83,5,22.595982
9.84,5,22.617195
9.85,5,22.638401
9.86,5,22.659613
9.87,5,22.680824
9.88,5,22.702042
9.89,5,22.723248
9.9,5,22.74446
9.91,5,22.765669
9.92,5,22.786884
9.93,5,22.808098
9.94,5,22.829308
9.95,5,22.850517
9.96,5,22.871729
9.97,5,22.892944
9.98,5,22.914148
9.99,5,22.935364
10.0,5,22.956577
