distance,hour,fare
0.0,4,4.1943493
0.01,4,4.1959057
0.02,4,4.1974607
0.03,4,4.1990156
0.04,4,4.200571
0.05,4,4.2021265
0.06,4,4.2036824
0.07,4,4.2052383
0.08,4,4.2067943
0.09,4,4.208349
0.1,4,4.209905
0.11,4,4.211461
0.12,4,4.2130165
0.13,4,4.214571
0.14,4,4.2161274
0.15,4,4.217682
0.16,4,4.2192383
0.17,4,4.2207947
0.18,4,4.22235
0.19,4,4.223905
0.2,4,4.2254605
0.21,4,4.2270164
0.22,4,4.228572
0.23,4,4.230128
0.24,4,4.231683
0.25,4,4.233492
0.26,4,4.2357726
0.27,4,4.2380548
0.28,4,4.240336
0.29,4,4.242617
0.3,4,4.244899
0.31,4,4.2471795
0.32,4,4.2494607
0.33,4,4.2517414
0.34,4,4.2540226
0.35,4,4.2563047
0.36,4,4.258586
0.37,4,4.2608666
0.38,4,4.263148
0.39,4,4.2654295
0.4,4,4.2677107
0.41,4,4.2699924
0.42,4,4.272274
0.43,4,4.2745543
0.44,4,4.2768354
0.45,4,4.279117
0.46,4,4.281398
0.47,4,4.283679
0.48,4,4.285961
0.49,4,4.2882423
0.5,4,4.2905226
0.51,4,4.2928042
0.52,4,4.295086
0.53,4,4.297367
0.54,4,4.2996483
0.55,4,4.30193
0.56,4,4.3042107
0.57,4,4.306808
0.58,4,4.309408
0.59,4,4.3120074
0.6,4,4.3146057
0.61,4,4.3172054
0.62,4,4.319804
0.63,4,4.322404
0.64,4,4.3250027
0.65,4,4.3276024
0.66,4,4.330201
0.67,4,4.3328
0.68,4,4.3353996
0.69,4,4.339595
0.7,4,4.348774
0.71,4,4.357811
0.72,4,4.366848
0.73,4,4.3765054
0.74,4,4.3882623
0.75,4,4.4000187
0.76,4,4.411774
0.77,4,4.4235306
0.78,4,4.4352865
0.79,4,4.4470434
0.8,4,4.4588
0.81,4,4.4705563
0.82,4,4.4823127
0.83,4,4.494069
0.84,4,4.505825
0.85,4,4.5175815
0.86,4,4.5293374
0.87,4,4.541094
0.88,4,4.5528507
0.89,4,4.5646067
0.9,4,4.5763636
0.91,4,4.5881195
0.92,4,4.5998764
0.93,4,4.6116323
0.94,4,4.6233892
0.95,4,4.635145
0.96,4,4.646901
0.97,4,4.658658
0.98,4,4.670415
0.99,4,4.6813493
1.0,4,4.6906962
1.01,4,4.7000427
1.02,4,4.70939
1.03,4,4.7187366
1.04,4,4.7280827
1.05,4,4.7374296
1.06,4,4.7472157
1.07,4,4.7572117
1.08,4,4.7693186
1.09,4,4.781434
1.1,4,4.79355
1.11,4,4.805666
1.12,4,4.8183866
1.13,4,4.8311687
1.14,4,4.8439507
1.15,4,4.8567333
1.16,4,4.869515
1.17,4,4.8822975
1.18,4,4.89508
1.19,4,4.9078608
1.2,4,4.920643
1.21,4,4.9334254
1.22,4,4.946206
1.23,4,4.958989
1.24,4,4.971771
1.25,4,4.984553
1.26,4,4.9973354
1.27,4,5.0101175
1.28,4,5.022899
1.29,4,5.0356812
1.3,4,5.048463
1.31,4,5.061245
1.32,4,5.074027
1.33,4,5.086809
1.34,4,5.0995917
1.35,4,5.1123734
1.36,4,5.1251554
1.37,4,5.1379375
1.38,4,5.150719
1.39,4,5.163501
1.4,4,5.176283
1.41,4,5.189065
1.42,4,5.201846
1.43,4,5.214629
1.44,4,5.2320557
1.45,4,5.254255
1.46,4,5.276456
1.47,4,5.298655
1.48,4,5.3208547
1.49,4,5.3430543
1.5,4,5.3646736
1.51,4,5.386216
1.52,4,5.4077578
1.53,4,5.4293003
1.54,4,5.450843
1.55,4,5.472383
1.56,4,5.4939256
1.57,4,5.515466
1.58,4,5.5370083
1.59,4,5.5585513
1.6,4,5.5800924
1.61,4,5.6028037
1.62,4,5.6261272
1.63,4,5.6494503
1.64,4,5.6727734
1.65,4,5.6960955
1.66,4,5.7194166
1.67,4,5.7427387
1.68,4,5.766061
1.69,4,5.789384
1.7,4,5.812706
1.71,4,5.836029
1.72,4,5.859351
1.73,4,5.882674
1.74,4,5.9059963
1.75,4,5.929319
1.76,4,5.952642
1.77,4,5.9759645
1.78,4,5.9992867
1.79,4,6.022608
1.8,4,6.0459304
1.81,4,6.069255
1.82,4,6.0925765
1.83,4,6.1165547
1.84,4,6.1434584
1.85,4,6.1703615
1.86,4,6.197263
1.87,4,6.2241673
1.88,4,6.2510695
1.89,4,6.277971
1.9,4,6.304873
1.91,4,6.3317766
1.92,4,6.358679
1.93,4,6.385579
1.94,4,6.4124813
1.95,4,6.4393845
1.96,4,6.4662876
1.97,4,6.493189
1.98,4,6.5200906
1.99,4,6.546996
2.0,4,6.5738974
2.01,4,6.6008
2.02,4,6.627701
2.03,4,6.654603
2.04,4,6.681507
2.05,4,6.7084074
2.06,4,6.735312
2.07,4,6.7622128
2.08,4,6.789115
2.09,4,6.816018
2.1,4,6.8429203
2.11,4,6.869824
2.12,4,6.896723
2.13,4,6.9236274
2.14,4,6.950529
2.15,4,6.977432
2.16,4,7.0043344
2.17,4,7.031237
2.18,4,7.058138
2.19,4,7.0850415
2.2,4,7.1119437
2.21,4,7.1388454
2.22,4,7.1657486
2.23,4,7.1926513
2.24,4,7.219554
2.25,4,7.246456
2.26,4,7.2733583
2.27,4,7.3002605
2.28,4,7.327164
2.29,4,7.354066
2.3,4,7.380968
2.31,4,7.4078693
2.32,4,7.4347725
2.33,4,7.4616756
2.34,4,7.488577
2.35,4,7.51548
2.36,4,7.5423822
2.37,4,7.5692825
2.38,4,7.59457
2.39,4,7.619164
2.4,4,7.643758
2.41,4,7.668352
2.42,4,7.692946
2.43,4,7.7175407
2.44,4,7.742136
2.45,4,7.7667303
2.46,4,7.7913227
2.47,4,7.815919
2.48,4,7.8405137
2.49,4,7.8651056
2.5,4,7.889702
2.51,4,7.9142957
2.52,4,7.9388895
2.53,4,7.9634852
2.54,4,7.9880767
2.55,4,8.012672
2.56,4,8.037266
2.57,4,8.061861
2.58,4,8.084157
2.59,4,8.106177
2.6,4,8.128196
2.61,4,8.150214
2.62,4,8.172232
2.63,4,8.19425
2.64,4,8.216268
2.65,4,8.238286
2.66,4,8.260305
2.67,4,8.282322
2.68,4,8.304342
2.69,4,8.326361
2.7,4,8.348379
2.71,4,8.370397
2.72,4,8.392415
2.73,4,8.414435
2.74,4,8.43645
2.75,4,8.45847
2.76,4,8.480487
2.77,4,8.502506
2.78,4,8.524526
2.79,4,8.546543
2.8,4,8.568562
2.81,4,8.590579
2.82,4,8.612597
2.83,4,8.634617
2.84,4,8.656634
2.85,4,8.678653
2.86,4,8.700671
2.87,4,8.72269
2.88,4,8.744706
2.89,4,8.766726
2.9,4,8.788743
2.91,4,8.810762
2.92,4,8.83278
2.93,4,8.854798
2.94,4,8.876818
2.95,4,8.898836
2.96,4,8.920855
2.97,4,8.942871
2.98,4,8.96489
2.99,4,8.986909
3.0,4,9.008927
3.01,4,9.031547
3.02,4,9.054388
3.03,4,9.077232
3.04,4,9.100075
3.05,4,9.122918
3.06,4,9.14576
3.07,4,9.168603
3.08,4,9.191447
3.09,4,9.21429
3.1,4,9.237132
3.11,4,9.259975
3.12,4,9.28282
3.13,4,9.305663
3.14,4,9.328507
3.15,4,9.35135
3.16,4,9.374192
3.17,4,9.397035
3.18,4,9.419879
3.19,4,9.442721
3.2,4,9.465566
3.21,4,9.488408
3.22,4,9.5112505
3.23,4,9.534094
3.24,4,9.556937
3.25,4,9.57978
3.26,4,9.602625
3.27,4,9.625467
3.28,4,9.648312
3.29,4,9.671152
3.3,4,9.693997
3.31,4,9.71684
3.32,4,9.739682
3.33,4,9.762525
3.34,4,9.785371
3.35,4,9.808211
3.36,4,9.831055
3.37,4,9.853899
3.38,4,9.875555
3.39,4,9.896581
3.4,4,9.917605
3.41,4,9.938628
3.42,4,9.959652
3.43,4,9.980678
3.44,4,10.0017
3.45,4,10.022726
3.46,4,10.04375
3.47,4,10.066284
3.48,4,10.090082
3.49,4,10.113881
3.5,4,10.137678
3.51,4,10.161473
3.52,4,10.18527
3.53,4,10.209069
3.54,4,10.232865
3.55,4,10.256663
3.56,4,10.28046
3.57,4,10.304256
3.58,4,10.328054
3.59,4,10.351852
3.6,4,10.375649
3.61,4,10.399447
3.62,4,10.423245
3.63,4,10.4470415
3.64,4,10.47084
3.65,4,10.494638
3.66,4,10.518434
3.67,4,10.542232
3.68,4,10.56603
3.69,4,10.589827
3.7,4,10.613624
3.71,4,10.637422
3.72,4,10.65549
3.73,4,10.672818
3.74,4,10.690147
3.75,4,10.7074795
3.76,4,10.724809
3.77,4,10.742139
3.78,4,10.759469
3.79,4,10.7768
3.8,4,10.794129
3.81,4,10.81146
3.82,4,10.828791
3.83,4,10.846118
3.84,4,10.863449
3.85,4,10.88078
3.86,4,10.89811
3.87,4,10.915441
3.88,4,10.932771
3.89,4,10.950101
3.9,4,10.967429
3.91,4,10.984759
3.92,4,11.00209
3.93,4,11.019422
3.94,4,11.03675
3.95,4,11.054082
3.96,4,11.071411
3.97,4,11.08874
3.98,4,11.1060705
3.99,4,11.123401
4.0,4,11.140733
4.01,4,11.158061
4.02,4,11.175391
4.03,4,11.19272
4.04,4,11.210052
4.05,4,11.227383
4.06,4,11.244714
4.07,4,11.262044
4.08,4,11.279373
4.09,4,11.296703
4.1,4,11.314032
4.11,4,11.331365
4.12,4,11.348692
4.13,4,11.366022
4.14,4,11.383353
4.15,4,11.400682
4.16,4,11.418014
4.17,4,11.435343
4.18,4,11.452673
4.19,4,11.470004
4.2,4,11.487334
4.21,4,11.504665
4.22,4,11.521994
4.23,4,11.539323
4.24,4,11.556655
4.25,4,11.573984
4.26,4,11.591315
4.27,4,11.608645
4.28,4,11.625975
4.29,4,11.643306
4.3,4,11.660636
4.31,4,11.677966
4.32,4,11.695296
4.33,4,11.7126255
4.34,4,11.729958
4.35,4,11.747285
4.36,4,11.764617
4.37,4,11.781945
4.38,4,11.799276
4.39,4,11.8166065
4.4,4,11.833938
4.41,4,11.851266
4.42,4,11.868595
4.43,4,11.885927
4.44,4,11.903256
4.45,4,11.920587
4.46,4,11.937917
4.47,4,11.955246
4.48,4,11.972577
4.49,4,11.989906
4.5,4,12.007237
4.51,4,12.024568
4.52,4,12.041898
4.53,4,12.059227
4.54,4,12.076558
4.55,4,12.093888
4.56,4,12.111218
4.57,4,12.128548
4.58,4,12.145881
4.59,4,12.163208
4.6,4,12.180539
4.61,4,12.197869
4.62,4,12.2151985
4.63,4,12.232528
4.64,4,12.24986
4.65,4,12.267191
4.66,4,12.28452
4.67,4,12.301849
4.68,4,12.3191805
4.69,4,12.336511
4.7,4,12.353841
4.71,4,12.37117
4.72,4,12.388692
4.73,4,12.406261
4.74,4,12.423827
4.75,4,12.441398
4.76,4,12.458967
4.77,4,12.476537
4.78,4,12.494103
4.79,4,12.511672
4.8,4,12.529241
4.81,4,12.546811
4.82,4,12.564378
4.83,4,12.581947
4.84,4,12.599518
4.85,4,12.617087
4.86,4,12.634654
4.87,4,12.652224
4.88,4,12.66979
4.89,4,12.687362
4.9,4,12.704929
4.91,4,12.722499
4.92,4,12.737672
4.93,4,12.752813
4.94,4,12.767953
4.95,4,12.783094
4.96,4,12.798236
4.97,4,12.813379
4.98,4,12.828519
4.99,4,12.84366
5.0,4,12.858802
5.01,4,12.873942
5.02,4,12.889085
5.03,4,12.904227
5.04,4,12.919367
5.05,4,12.934508
5.06,4,12.94965
5.07,4,12.96479
5.08,4,12.979932
5.09,4,12.995072
5.1,4,13.010215
5.11,4,13.025355
5.12,4,13.040498
5.13,4,13.055639
5.14,4,13.070782
5.15,4,13.085922
5.16,4,13.101063
5.17,4,13.116204
5.18,4,13.131347
5.19,4,13.146488
5.2,4,13.16163
5.21,4,13.176769
5.22,4,13.191911
5.23,4,13.207055
5.24,4,13.222195
5.25,4,13.237335
5.26,4,13.252479
5.27,4,13.267618
5.28,4,13.28276
5.29,4,13.2979
5.3,4,13.313041
5.31,4,13.328184
5.32,4,13.343326
5.33,4,13.358467
5.34,4,13.373607
5.35,4,13.38875
5.36,4,13.403747
5.37,4,13.418744
5.38,4,13.433742
5.39,4,13.448737
5.4,4,13.463735
5.41,4,13.478729
5.42,4,13.493727
5.43,4,13.508722
5.44,4,13.52372
5.45,4,13.540612
5.46,4,13.558303
5.47,4,13.575997
5.48,4,13.59369
5.49,4,13.611383
5.5,4,13.629077
5.51,4,13.646771
5.52,4,13.664463
5.53,4,13.682157
5.54,4,13.69985
5.55,4,13.717544
5.56,4,13.735236
5.57,4,13.752929
5.58,4,13.770622
5.59,4,13.788314
5.6,4,13.806008
5.61,4,13.823703
5.62,4,13.841395
5.63,4,13.85909
5.64,4,13.876783
5.65,4,13.894475
5.66,4,13.912169
5.67,4,13.92986
5.68,4,13.947555
5.69,4,13.965248
5.7,4,13.982941
5.71,4,14.000636
5.72,4,14.018328
5.73,4,14.036019
5.74,4,14.053714
5.75,4,14.071409
5.76,4,14.089101
5.77,4,14.106795
5.78,4,14.124488
5.79,4,14.14218
5.8,4,14.159873
5.81,4,14.177566
5.82,4,14.19526
5.83,4,14.212953
5.84,4,14.230644
5.85,4,14.248337
5.86,4,14.266033
5.87,4,14.283725
5.88,4,14.301419
5.89,4,14.319114
5.9,4,14.336806
5.91,4,14.3545
5.92,4,14.372193
5.93,4,14.389884
5.94,4,14.407578
5.95,4,14.425271
5.96,4,14.4429655
5.97,4,14.460658
5.98,4,14.478351
5.99,4,14.496045
6.0,4,14.513738
6.01,4,14.531432
6.02,4,14.549125
6.03,4,14.566817
6.04,4,14.58451
6.05,4,14.602202
6.06,4,14.619895
6.07,4,14.637589
6.08,4,14.655284
6.09,4,14.6729765
6.1,4,14.690673
6.11,4,14.708364
6.12,4,14.726056
6.13,4,14.74375
6.14,4,14.761441
6.15,4,14.779135
6.16,4,14.796831
6.17,4,14.814521
6.18,4,14.832215
6.19,4,14.849909
6.2,4,14.8676
6.21,4,14.885296
6.22,4,14.9029875
6.23,4,14.920682
6.24,4,14.938375
6.25,4,14.956069
6.26,4,14.973765
6.27,4,14.991455
6.28,4,15.009149
6.29,4,15.026914
6.3,4,15.046233
6.31,4,15.065553
6.32,4,15.084872
6.33,4,15.104192
6.34,4,15.123512
6.35,4,15.14283
6.36,4,15.162148
6.37,4,15.18147
6.38,4,15.200788
6.39,4,15.220104
6.4,4,15.239427
6.41,4,15.258746
6.42,4,15.278064
6.43,4,15.297385
6.44,4,15.316705
6.45,4,15.336024
6.46,4,15.355342
6.47,4,15.374661
6.48,4,15.393981
6.49,4,15.413302
6.5,4,15.432621
6.51,4,15.451942
6.52,4,15.471259
6.53,4,15.490581
6.54,4,15.509898
6.55,4,15.529218
6.56,4,15.548537
6.57,4,15.567855
6.58,4,15.587176
6.59,4,15.606497
6.6,4,15.625817
6.61,4,15.645131
6.62,4,15.664454
6.63,4,15.683774
6.64,4,15.703093
6.65,4,15.722409
6.66,4,15.741731
6.67,4,15.76105
6.68,4,15.780367
6.69,4,15.799689
6.7,4,15.819009
6.71,4,15.838329
6.72,4,15.857648
6.73,4,15.876967
6.74,4,15.896287
6.75,4,15.9156065
6.76,4,15.934923
6.77,4,15.954246
6.78,4,15.973565
6.79,4,15.992885
6.8,4,16.0122
6.81,4,16.03152
6.82,4,16.050838
6.83,4,16.070158
6.84,4,16.08948
6.85,4,16.108797
6.86,4,16.128117
6.87,4,16.147438
6.88,4,16.166758
6.89,4,16.186077
6.9,4,16.205399
6.91,4,16.224714
6.92,4,16.244034
6.93,4,16.263353
6.94,4,16.282675
6.95,4,16.301992
6.96,4,16.321312
6.97,4,16.340633
6.98,4,16.35995
6.99,4,16.379269
7.0,4,16.398588
7.01,4,16.417912
7.02,4,16.43723
7.03,4,16.456547
7.04,4,16.475868
7.05,4,16.495188
7.06,4,16.514507
7.07,4,16.533825
7.08,4,16.553146
7.09,4,16.572464
7.1,4,16.591784
7.11,4,16.611103
7.12,4,16.630424
7.13,4,16.649742
7.14,4,16.66906
7.15,4,16.68838
7.16,4,16.7077
7.17,4,16.727018
7.18,4,16.746338
7.19,4,16.76566
7.2,4,16.78498
7.21,4,16.804296
7.22,4,16.823616
7.23,4,16.842937
7.24,4,16.862255
7.25,4,16.881575
7.26,4,16.900894
7.27,4,16.920212
7.28,4,16.939533
7.29,4,16.95885
7.3,4,16.978172
7.31,4,16.99749
7.32,4,17.016811
7.33,4,17.036129
7.34,4,17.055447
7.35,4,17.074768
7.36,4,17.09409
7.37,4,17.113407
7.38,4,17.132727
7.39,4,17.152046
7.4,4,17.172493
7.41,4,17.193132
7.42,4,17.213772
7.43,4,17.23441
7.44,4,17.255112
7.45,4,17.276342
7.46,4,17.297579
7.47,4,17.318813
7.48,4,17.340046
7.49,4,17.36128
7.5,4,17.382519
7.51,4,17.403753
7.52,4,17.424986
7.53,4,17.446222
7.54,4,17.467455
7.55,4,17.488691
7.56,4,17.50992
7.57,4,17.531157
7.58,4,17.552391
7.59,4,17.573626
7.6,4,17.59486
7.61,4,17.616093
7.62,4,17.63733
7.63,4,17.658566
7.64,4,17.679798
7.65,4,17.701033
7.66,4,17.722267
7.67,4,17.743502
7.68,4,17.764738
7.69,4,17.785973
7.7,4,17.807203
7.71,4,17.828438
7.72,4,17.849674
7.73,4,17.870907
7.74,4,17.892143
7.75,4,17.913376
7.76,4,17.93461
7.77,4,17.955845
7.78,4,17.977081
7.79,4,17.998316
7.8,4,18.019547
7.81,4,18.040783
7.82,4,18.06202
7.83,4,18.083254
7.84,4,18.104485
7.85,4,18.125721
7.86,4,18.14696
7.87,4,18.168188
7.88,4,18.189423
7.89,4,18.210657
7.9,4,18.231892
7.91,4,18.253126
7.92,4,18.274363
7.93,4,18.295595
7.94,4,18.316832
7.95,4,18.338062
7.96,4,18.359299
7.97,4,18.380527
7.98,4,18.401733
7.99,4,18.422941
8.0,4,18.444149
8.01,4,18.465355
8.02,4,18.486557
8.03,4,18.507767
8.04,4,18.528973
8.05,4,18.550175
8.06,4,18.57138
8.07,4,18.592587
8.08,4,18.613794
8.09,4,18.634996
8.1,4,18.656202
8.11,4,18.67741
8.12,4,18.698612
8.13,4,18.719822
8.14,4,18.741032
8.15,4,18.762236
8.16,4,18.783442
8.17,4,18.804644
8.18,4,18.825855
8.19,4,18.847057
8.2,4,18.868265
8.21,4,18.889465
8.22,4,18.910677
8.23,4,18.93188
8.24,4,18.953087
8.25,4,18.974295
8.26,4,18.9955
8.27,4,19.016708
8.28,4,19.037912
8.29,4,19.059118
8.3,4,19.08032
8.31,4,19.101528
8.32,4,19.12273
8.33,4,19.143938
8.34,4,19.165146
8.35,4,19.186352
8.36,4,19.207556
8.37,4,19.228764
8.38,4,19.249968
8.39,4,19.271177
8.4,4,19.292377
8.41,4,19.313587
8.42,4,19.334793
8.43,4,19.355999
8.44,4,19.377205
8.45,4,19.39841
8.46,4,19.419615
8.47,4,19.440823
8.48,4,19.462027
8.49,4,19.483234
8.5,4,19.50444
8.51,4,19.525648
8.52,4,19.546852
8.53,4,19.568058
8.54,4,19.589264
8.55,4,19.61047
8.56,4,19.631674
8.57,4,19.65288
8.58,4,19.674086
8.59,4,19.69529
8.6,4,19.7165
8.61,4,19.737701
8.62,4,19.758911
8.63,4,19.780117
8.64,4,19.801323
8.65,4,19.822527
8.66,4,19.84373
8.67,4,19.864937
8.68,4,19.886147
8.69,4,19.907352
8.7,4,19.928555
8.71,4,19.949762
8.72,4,19.97097
8.73,4,19.992178
8.74,4,20.01338
8.75,4,20.034586
8.76,4,20.055792
8.77,4,20.076996
8.78,4,20.098206
8.79,4,20.119408
8.8,4,20.140612
8.81,4,20.161823
8.82,4,20.183027
8.83,4,20.204231
8.84,4,20.225437
8.85,4,20.246647
8.86,4,20.26785
8.87,4,20.289055
8.88,4,20.31026
8.89,4,20.331465
8.9,4,20.352673
8.91,4,20.373878
8.92,4,20.395084
8.93,4,20.41629
8.94,4,20.437492
8.95,4,20.458708
8.96,4,20.479918
8.97,4,20.50113
8.98,4,20.522339
8.99,4,20.543556
9.0,4,20.564764
9.01,4,20.585978
9.02,4,20.607185
9.03,4,20.628397
9.04,4,20.649609
9.05,4,20.67082
9.06,4,20.692034
9.07,4,20.713243
9.08,4,20.734453
9.09,4,20.755667
9.1,4,20.776878
9.11,4,20.798086
9.12,4,20.819298
9.13,4,20.840511
9.14,4,20.861725
9.15,4,20.882936
9.16,4,20.904148
9.17,4,20.925354
9.18,4,20.946568
9.19,4,20.967777
9.2,4,20.98899
9.21,4,21.0102
9.22,4,21.031414
9.23,4,21.052626
9.24,4,21.073835
9.25,4,21.095047
9.26,4,21.116259
9.27,4,21.13747
9.28,4,21.15868
9.29,4,21.179892
9.3,4,21.201107
9.31,4,21.222317
9.32,4,21.24353
9.33,4,21.264736
9.34,4,21.285948
9.35,4,21.30716
9.36,4,21.328371
9.37,4,21.349585
9.38,4,21.370796
9.39,4,21.392006
9.4,4,21.41322
9.41,4,21.43443
9.42,4,21.455643
9.43,4,21.476852
9.44,4,21.498062
9.45,4,21.519276
9.46,4,21.540485
9.47,4,21.561697
9.48,4,21.582909
9.49,4,21.604122
9.5,4,21.625332
9.51,4,21.64654
9.52,4,21.667753
9.53,4,21.688963
9.54,4,21.710175
9.55,4,21.731388
9.56,4,21.7526
9.57,4,21.77381
9.58,4,21.795021
9.59,4,21.81623
9.6,4,21.837446
9.61,4,21.858654
9.62,4,21.879868
9.63,4,21.901077
9.64,4,21.92229
9.65,4,21.9435
9.66,4,21.964714
9.67,4,21.985924
9.68,4,22.007135
9.69,4,22.028349
9.7,4,22.04956
9.71,4,22.07077
9.72,4,22.09198
9.73,4,22.113195
9.74,4,22.134401
9.75,4,22.155615
9.76,4,22.176826
9.77,4,22.19804
9.78,4,22.21925
9.79,4,22.240458
9.8,4,22.261673
9.81,4,22.282883
9.82,4,22.304092
9.83,4,22.32531
9.84,4,22.34652
9.85,4,22.367727
9.86,4,22.388937
9.87,4,22.410152
9.88,4,22.431366
9.89,4,22.452572
9.9,4,22.473782
9.91,4,22.494997
9.92,4,22.516209
9.93,4,22.537416
9.94,4,22.55863
9.95,4,22.579842
9.96,4,22.601051
9.97,4,22.622265
9.98,4,22.64348
9.99,4,22.664686
10.0,4,22.685898
